# 17d18ac21b0778456cc7e84f03bb8c5e9be547793a08b3a0c15e2fa3bd5adb0e#
# baonoise-meta {"cosmology":{"N_eff":3.046,"h":0.6732,"mnu":0.06,"ns":0.96605,"ombh2":0.022383,"omch2":0.12009212027110579,"omnuh2":0.000644883920894239,"sigma_8":0.812},"data_sha256":"a1adf78a402c5980b250a8906c0f293637de20f272fa9463492015cc9b55df24","format":"baonoise-pk-v2","generator":{"package":"camb","version":"2.0.2"},"settings":{"As":2.1e-09,"accurate_massive_neutrino_transfers":false,"kmax_h_mpc":20.0,"minkh_h_mpc":0.0001,"neutrino_input":"omnuh2_active","nonlinear":false,"npoints":1400,"redshift":0.0,"tau":0.06}}
6.731999999999999920e-05 1.369003932750476224e+03
6.790992703445769226e-05 1.380585942922239838e+03
6.850502361594423795e-05 1.392265843743618916e+03
6.910533504534422116e-05 1.404044446643568108e+03
6.971090702051510016e-05 1.415922569511419169e+03
7.032178563976595066e-05 1.427901037985605399e+03
7.093801740536660803e-05 1.439980699485228797e+03
7.155964922708756037e-05 1.452162418782083023e+03
7.218672842577097157e-05 1.464447068401234674e+03
7.281930273693283467e-05 1.476835528509666347e+03
7.345742031439681094e-05 1.489328686985532386e+03
7.410112973395984967e-05 1.501927436470229623e+03
7.475047999708992743e-05 1.514632662960380685e+03
7.540552053465635410e-05 1.527445255496521895e+03
7.606630121069241513e-05 1.540366110364220731e+03
7.673287232619132605e-05 1.553396131151514055e+03
7.740528462293539053e-05 1.566536228815452432e+03
7.808358928735845714e-05 1.579787323090938116e+03
7.876783795444256898e-05 1.593150344022629952e+03
7.945808271164854898e-05 1.606626229671730471e+03
8.015437610288110343e-05 1.620215925848270672e+03
8.085677113248863348e-05 1.633920386173679390e+03
8.156532126929806647e-05 1.647740572478198146e+03
8.228008045068524901e-05 1.661677461524709770e+03
8.300110308668067155e-05 1.675732044961820293e+03
8.372844406411145948e-05 1.689905323243239991e+03
8.446215875077957660e-05 1.704198305450888711e+03
8.520230299967649842e-05 1.718612009370983060e+03
8.594893315323507365e-05 1.733147459278385213e+03
8.670210604761845175e-05 1.747805671790602446e+03
8.746187901704664596e-05 1.762587664644187043e+03
8.822830989816107046e-05 1.777494463670115692e+03
8.900145703442718719e-05 1.792527102882739428e+03
8.978137928057591300e-05 1.807686624546348639e+03
9.056813600708377339e-05 1.822974086359747616e+03
9.136178710469249412e-05 1.838390575906609456e+03
9.216239298896796296e-05 1.853937194117592981e+03
9.297001460489940174e-05 1.869615051536512283e+03
9.378471343153865390e-05 1.885425268407115709e+03
9.460655148668022443e-05 1.901368974387409025e+03
9.543559133158226215e-05 1.917447293524852739e+03
9.627189607572895829e-05 1.933661338517952572e+03
9.711552938163467354e-05 1.950012229416784521e+03
9.796655546969014548e-05 1.966501095091374737e+03
9.882503912305123754e-05 1.983129073295569242e+03
9.969104569257031061e-05 1.999897312246101137e+03
1.005646411017711796e-04 2.016806986154772176e+03
1.014458918518672617e-04 2.033859289568719532e+03
1.023348650268239741e-04 2.051055427338190839e+03
1.032316282984654211e-04 2.068396614546787077e+03
1.041362499316257092e-04 2.085884076599189939e+03
1.050487987893456641e-04 2.103519046850245559e+03
1.059693443381148128e-04 2.121302758187758172e+03
1.068979566531594978e-04 2.139236450626293390e+03
1.078347064237772065e-04 2.157321374295691840e+03
1.087796649587176832e-04 2.175558789520982373e+03
1.097329041916112721e-04 2.193949966953577587e+03
1.106944966864446665e-04 2.212496193327161564e+03
1.116645156430848919e-04 2.231198776963130967e+03
1.126430349028513327e-04 2.250059038506604793e+03
1.136301289541370225e-04 2.269078309829170394e+03
1.146258729380787364e-04 2.288257934125231259e+03
1.156303426542772421e-04 2.307599265154855402e+03
1.166436145665672474e-04 2.327103652170753776e+03
1.176657658088381837e-04 2.346772441230063578e+03
1.186968741909059195e-04 2.366606988549899143e+03
1.197370182044358927e-04 2.386608661062372903e+03
1.207862770289181754e-04 2.406778836493168001e+03
1.218447305376949474e-04 2.427118905179698686e+03
1.229124593040407151e-04 2.447630279996307763e+03
1.239895446072957787e-04 2.468314389991664484e+03
1.250760684390536659e-04 2.489172675957997399e+03
1.261721135094023957e-04 2.510206590512497769e+03
1.272777632532208741e-04 2.531417598197339885e+03
1.283931018365300962e-04 2.552807179374212865e+03
1.295182141629003746e-04 2.574376837204501044e+03
1.306531858799142413e-04 2.596128089362652645e+03
1.317981033856864602e-04 2.618062466389207202e+03
1.329530538354408245e-04 2.640181511800963563e+03
1.341181251481448234e-04 2.662486781693955891e+03
1.352934060132022869e-04 2.684979827135774940e+03
1.364789858972047937e-04 2.707662188972661625e+03
1.376749550507420331e-04 2.730535418607356860e+03
1.388814045152723128e-04 2.753601079485615173e+03
1.400984261300526439e-04 2.776860747180880480e+03
1.413261125391300282e-04 2.800316012111948567e+03
1.425645571983938690e-04 2.823968504032153305e+03
1.438138543826900713e-04 2.847819881905033981e+03
1.450740991929976747e-04 2.871871818920754777e+03
1.463453875636682605e-04 2.896126002424467970e+03
1.476278162697287856e-04 2.920584134037220338e+03
1.489214829342484108e-04 2.945247921050595778e+03
1.502264860357701106e-04 2.970119049149274360e+03
1.515429249158069551e-04 2.995199207956780810e+03
1.528708997864044474e-04 3.020490100013515075e+03
1.542105117377691329e-04 3.045993440864317108e+03
1.555618627459637781e-04 3.071710959351207748e+03
1.569250556806702586e-04 3.097644415851742906e+03
1.583001943130202629e-04 3.123795617445504377e+03
1.596873833234949255e-04 3.150166389713589979e+03
1.610867283098932519e-04 3.176758573585030263e+03
1.624983357953707728e-04 3.203574025466602052e+03
1.639223132365482652e-04 3.230614616006876076e+03
1.653587690316920308e-04 3.257882208508367512e+03
1.668078125289652977e-04 3.285378662104746581e+03
1.682695540347523997e-04 3.313105849864746688e+03
1.697441048220553798e-04 3.341065659459422932e+03
1.712315771389648887e-04 3.369259993266797210e+03
1.727320842172046472e-04 3.397690770679208526e+03
1.742457402807510969e-04 3.426359939583944197e+03
1.757726605545286748e-04 3.455269468542616778e+03
1.773129612731809272e-04 3.484421341973393282e+03
1.788667596899188466e-04 3.513817560264823896e+03
1.804341740854465391e-04 3.543460139888686172e+03
1.820153237769654144e-04 3.573351108795947312e+03
1.836103291272565483e-04 3.603492498878190418e+03
1.852193115538436265e-04 3.633886355971514149e+03
1.868423935382353357e-04 3.664534741855317861e+03
1.884796986352493386e-04 3.695439734366890207e+03
1.901313514824176198e-04 3.726603427720164291e+03
1.917974778094742579e-04 3.758027938776243900e+03
1.934782044479265177e-04 3.789715408505026971e+03
1.951736593407096441e-04 3.821667995305510885e+03
1.968839715519265208e-04 3.853887874721049684e+03
1.986092712766721416e-04 3.886377239568585537e+03
2.003496898509450066e-04 3.919138298211432812e+03
2.021053597616443885e-04 3.952173259031463203e+03
2.038764146566561498e-04 3.985484337846738526e+03
2.056629893550260561e-04 4.019073767190054241e+03
2.074652198572231592e-04 4.052943796515500708e+03
2.092832433554923553e-04 4.087096692312664345e+03
2.111171982442979086e-04 4.121534746570578136e+03
2.129672241308586979e-04 4.156260300636521606e+03
2.148334618457754851e-04 4.191275722172385031e+03
2.167160534537516687e-04 4.226583397979733491e+03
2.186151422644073874e-04 4.262185734150659300e+03
2.205308728431891149e-04 4.298085155814659629e+03
2.224633910223742573e-04 4.334284078076713740e+03
2.244128439121726793e-04 4.370784885293750449e+03
2.263793799119249127e-04 4.407589974334705403e+03
2.283631487213991641e-04 4.444701759217921790e+03
2.303643013521869572e-04 4.482122671208843713e+03
2.323829901391983861e-04 4.519855161907308684e+03
2.344193687522587693e-04 4.557901745997731268e+03
2.364735922078062692e-04 4.596264992919474935e+03
2.385458168806926468e-04 4.634947493555589972e+03
2.406362005160863650e-04 4.673951859486474859e+03
2.427449022414818083e-04 4.713280723150190170e+03
2.448720825788115014e-04 4.752936730435280879e+03
2.470179034566664499e-04 4.792922505186255876e+03
2.491825282226222456e-04 4.833240675733397438e+03
2.513661216556738621e-04 4.873893889649286393e+03
2.535688499787793317e-04 4.914884813884095820e+03
2.557908808715128731e-04 4.956216134898193559e+03
2.580323834828296913e-04 4.997890562574404612e+03
2.602935284439418539e-04 5.039910835816524013e+03
2.625744878813076298e-04 5.082279715174930061e+03
2.648754354297339097e-04 5.124999981675249728e+03
2.671965462455947989e-04 5.168074436950663767e+03
2.695379970201639973e-04 5.211505903075987590e+03
2.718999659930659537e-04 5.255297214779075148e+03
2.742826329658442220e-04 5.299451218448381951e+03
2.766861793156479422e-04 5.343970780554526755e+03
2.791107880090393169e-04 5.388858788222894873e+03
2.815566436159215439e-04 5.434118149357150287e+03
2.840239323235894259e-04 5.479751795827032765e+03
2.865128419509016815e-04 5.525762707107694041e+03
2.890235619625792954e-04 5.572153898389993628e+03
2.915562834836276838e-04 5.618928407719150528e+03
2.941111993138861456e-04 5.666089296046103300e+03
2.966885039427042195e-04 5.713639647383181909e+03
2.992883935637470063e-04 5.761582553463204022e+03
3.019110660899303254e-04 5.809921074068999587e+03
3.045567211684863541e-04 5.858658278043618338e+03
3.072255601961613233e-04 5.907797255103376301e+03
3.099177863345468952e-04 5.957341115941238968e+03
3.126336045255455483e-04 6.007292992594650059e+03
3.153732215069711083e-04 6.057656054310353284e+03
3.181368458282868099e-04 6.108433517208206467e+03
3.209246878664804561e-04 6.159628622367241405e+03
3.237369598420795479e-04 6.211244633857676490e+03
3.265738758353056259e-04 6.263284838874723391e+03
3.294356518023714548e-04 6.315752546918640292e+03
3.323225055919200224e-04 6.368651077668417201e+03
3.352346569616077910e-04 6.421983764214061921e+03
3.381723275948341541e-04 6.475753962284833506e+03
3.411357411176159046e-04 6.529965050579225135e+03
3.441251231156111602e-04 6.584620430884475354e+03
3.471407011512910664e-04 6.639723529920651345e+03
3.501827047812634494e-04 6.695277806868008156e+03
3.532513655737467401e-04 6.751286747691723576e+03
3.563469171261985052e-04 6.807753862395509714e+03
3.594695950830967420e-04 6.864682685149519784e+03
3.626196371538790877e-04 6.922076774346614002e+03
3.657972831310376659e-04 6.979939697250318204e+03
3.690027749083722264e-04 7.038275010272126565e+03
3.722363564994054272e-04 7.097086288068232534e+03
3.754982740559564651e-04 7.156377128220492523e+03
3.787887758868805884e-04 7.216151151329247114e+03
3.821081124769697222e-04 7.276412001677168519e+03
3.854565365060214706e-04 7.337163360650582035e+03
3.888343028680731886e-04 7.398408947767504287e+03
3.922416686908061106e-04 7.460152507561188031e+03
3.956788933551182901e-04 7.522397809054383288e+03
3.991462385148698182e-04 7.585148645870131077e+03
4.026439681168012441e-04 7.648408835939948403e+03
4.061723484206248712e-04 7.712182218802607167e+03
4.097316480192952719e-04 7.776472657276589416e+03
4.133221378594539256e-04 7.841284039038661831e+03
4.169440912620555142e-04 7.906620276739188739e+03
4.205977839431735994e-04 7.972485308105261538e+03
4.242834940349898549e-04 8.038883083927617918e+03
4.280015021069654454e-04 8.105817540085339715e+03
4.317520911872001340e-04 8.173292627962190636e+03
4.355355467839761388e-04 8.241312322399993718e+03
4.393521569074931876e-04 8.309880621762162264e+03
4.432022120917924958e-04 8.379001548266860482e+03
4.470860054168725932e-04 8.448679161549343917e+03
4.510038325310006865e-04 8.518917565550933432e+03
4.549559916732178236e-04 8.589720890718795999e+03
4.589427836960421414e-04 8.661093292547619058e+03
4.629645120883706848e-04 8.733038951661796091e+03
4.670214829985822372e-04 8.805562072021828499e+03
4.711140052578421380e-04 8.878666859233928335e+03
4.752423904036122307e-04 8.952357527282849333e+03
4.794069527033652917e-04 9.026638313895047759e+03
4.836080091785090900e-04 9.101513480889925631e+03
4.878458796285189383e-04 9.176987314229005278e+03
4.921208866552813930e-04 9.253064123263120564e+03
4.964333556876526256e-04 9.329748237647561837e+03
5.007836150062309252e-04 9.407044009974397341e+03
5.051719957683463652e-04 9.484955816963696634e+03
5.095988320332706187e-04 9.563488059502804390e+03
5.140644607876449683e-04 9.642645162640656054e+03
5.185692219711348066e-04 9.722431568762429379e+03
5.231134585023060725e-04 9.802851729856203747e+03
5.276975163047296956e-04 9.883910119696896800e+03
5.323217443333146982e-04 9.965611235615398982e+03
5.369864946008709320e-04 1.004795959851411862e+04
5.416921222049070860e-04 1.013095975290500792e+04
5.464389853546608227e-04 1.021461626742957378e+04
5.512274453983677640e-04 1.029893373487006284e+04
5.560578668507672661e-04 1.038391677167990929e+04
5.609306174208523576e-04 1.046957001797051998e+04
5.658460680398599363e-04 1.055589813751625297e+04
5.708045928895080562e-04 1.064290581287824352e+04
5.758065694304783516e-04 1.073059771429322063e+04
5.808523784311522744e-04 1.081897851833441018e+04
5.859424039965945279e-04 1.090805292327039388e+04
5.910770335977933495e-04 1.099782564909292159e+04
5.962566581011564471e-04 1.108830143746746398e+04
6.014816717982636755e-04 1.117948504311520264e+04
6.067524724358839324e-04 1.127138121589781076e+04
6.120694612462517208e-04 1.136399472109131057e+04
6.174330429776110759e-04 1.145733034411492372e+04
6.228436259250258802e-04 1.155139289044845464e+04
6.283016219614610126e-04 1.164618718618807543e+04
6.338074465691357403e-04 1.174171810523704517e+04
6.393615188711517395e-04 1.183799058043213699e+04
6.449642616633981295e-04 1.193500956926428989e+04
6.506161014467355804e-04 1.203278005116204622e+04
6.563174684594640486e-04 1.213130702743502115e+04
6.620687967100739217e-04 1.223059551062769606e+04
6.678705240102841530e-04 1.233065041316800489e+04
6.737230920083690094e-04 1.243147658700115062e+04
6.796269462227799403e-04 1.253307889748647358e+04
6.855825360760588790e-04 1.263546222440636666e+04
6.915903149290492666e-04 1.273863146175768270e+04
6.976507401154093515e-04 1.284259154485623912e+04
7.037642729764235355e-04 1.294734754730083841e+04
7.099313788961240197e-04 1.305290459613350504e+04
7.161525273367157001e-04 1.315926783789951696e+04
7.224281918743143995e-04 1.326644243853054650e+04
7.287588502349951793e-04 1.337443358247731157e+04
7.351449843311614685e-04 1.348324638302241874e+04
7.415870802982277429e-04 1.359288579318071243e+04
7.480856285316276819e-04 1.370335675574523339e+04
7.546411237241420567e-04 1.381466422268724273e+04
7.612540649035593604e-04 1.392681315483883918e+04
7.679249554706629993e-04 1.403980852531524397e+04
7.746543032375500333e-04 1.415365538795911561e+04
7.814426204662907900e-04 1.426835887266910322e+04
7.882904239079204607e-04 1.438392412389117635e+04
7.951982348417792681e-04 1.450035629806939687e+04
8.021665791151926395e-04 1.461766056338398448e+04
8.091959871835008181e-04 1.473584208919304365e+04
8.162869941504378047e-04 1.485490598591950766e+04
8.234401398088683028e-04 1.497485734329126717e+04
8.306559686818756200e-04 1.509570125800031565e+04
8.379350300642146197e-04 1.521744283343654934e+04
8.452778780641256049e-04 1.534008717929154955e+04
8.526850716455135768e-04 1.546363938111970310e+04
8.601571746705010020e-04 1.558810444372550410e+04
8.676947559423499670e-04 1.571348735837396634e+04
8.752983892487605508e-04 1.583979311687777408e+04
8.829686534055504032e-04 1.596702671112787539e+04
8.907061323007169377e-04 1.609519313428292662e+04
8.985114149388843084e-04 1.622429744098212177e+04
9.063850954861405905e-04 1.635434476642741538e+04
9.143277733152667917e-04 1.648534025381109677e+04
9.223400530513652844e-04 1.661728904884953954e+04
9.304225446178852714e-04 1.675019629935887860e+04
9.385758632830514675e-04 1.688406713799593854e+04
9.468006297067017418e-04 1.701890652133482581e+04
9.550974699875325281e-04 1.715471929466349684e+04
9.634670157107614371e-04 1.729151029252033550e+04
9.719099039962044665e-04 1.742928433942831180e+04
9.804267775467771350e-04 1.756804624925639291e+04
9.890182846974168284e-04 1.770780083946637751e+04
9.976850794644392603e-04 1.784855297855214667e+04
1.006427821595323518e-03 1.799030754125296517e+04
1.015247176618933392e-03 1.813306939204666924e+04
1.024143815896181708e-03 1.827684338452097654e+04
1.033118416671134198e-03 1.842163436033803373e+04
1.042171662122566133e-03 1.856744711071556230e+04
1.051304241415967813e-03 1.871428634304094157e+04
1.060516849756005207e-03 1.886215674036433848e+04
1.069810188439441600e-03 1.901106296784249207e+04
1.079184964908524785e-03 1.916100967199706793e+04
1.088641892804837656e-03 1.931200147718283552e+04
1.098181692023624976e-03 1.946404293917369068e+04
1.107805088768592855e-03 1.961713855011597843e+04
1.117512815607190051e-03 1.977129277624224051e+04
1.127305611526375649e-03 1.992651005829186761e+04
1.137184221988872014e-03 2.008279481066611697e+04
1.147149398989911508e-03 2.024015142121306417e+04
1.157201901114481056e-03 2.039858425375300067e+04
1.167342493595069797e-03 2.055809764487450593e+04
1.177571948369920659e-03 2.071869590155543119e+04
1.187891044141793032e-03 2.088038330027144912e+04
1.198300566437238710e-03 2.104316408597843110e+04
1.208801307666401920e-03 2.120704241023480063e+04
1.219394067183338483e-03 2.137202222831959079e+04
1.230079651346867092e-03 2.153810742817291975e+04
1.240858873581950550e-03 2.170530185477873965e+04
1.251732554441616291e-03 2.187360930909207309e+04
1.262701521669421607e-03 2.204303354798167857e+04
1.273766610262464221e-03 2.221357831549769253e+04
1.284928662534944727e-03 2.238524734948937476e+04
1.296188528182284135e-03 2.255804434406093424e+04
1.307547064345811064e-03 2.273197294620111279e+04
1.319005135678005770e-03 2.290703675468920483e+04
1.330563614408322931e-03 2.308323931441876266e+04
1.342223380409588839e-03 2.326058407565428206e+04
1.353985321264977986e-03 2.343907441095581089e+04
1.365850332335581847e-03 2.361871363766624199e+04
1.377819316828566816e-03 2.379950501699164670e+04
1.389893185865928886e-03 2.398145175281614866e+04
1.402072858553849409e-03 2.416455694869134459e+04
1.414359262052664740e-03 2.434882348436408211e+04
1.426753331647443021e-03 2.453425413277346161e+04
1.439256010819181140e-03 2.472085159714180190e+04
1.451868251316625101e-03 2.490861850962430253e+04
1.464591013228723568e-03 2.509755743029410951e+04
1.477425265057710031e-03 2.528767087197366709e+04
1.490371983792830720e-03 2.547896131834773041e+04
1.503432154984716542e-03 2.567143118313602827e+04
1.516606772820403362e-03 2.586508280446372009e+04
1.529896840199018206e-03 2.605991844349379971e+04
1.543303368808120538e-03 2.625594027810077387e+04
1.556827379200716177e-03 2.645315032867137779e+04
1.570469900872944503e-03 2.665155047020697020e+04
1.584231972342448275e-03 2.685114248912382391e+04
1.598114641227430400e-03 2.705192808342517674e+04
1.612118964326400908e-03 2.725390886121637959e+04
1.626246007698624102e-03 2.745708632134644722e+04
1.640496846745271523e-03 2.766146176552498946e+04
1.654872566291284422e-03 2.786703636009934053e+04
1.669374260667956349e-03 2.807381117067725427e+04
1.684003033796237399e-03 2.828178716058381906e+04
1.698759999270763998e-03 2.849096518929644662e+04
1.713646280444636573e-03 2.870134602116749738e+04
1.728663010514929713e-03 2.891293033919890513e+04
1.743811332608954977e-03 2.912571872257276482e+04
1.759092399871279395e-03 2.933971164132884223e+04
1.774507375551509416e-03 2.955490945475162152e+04
1.790057433092840083e-03 2.977131240570967202e+04
1.805743756221380716e-03 2.998892050774651580e+04
1.821567539036267509e-03 3.020773352577331389e+04
1.837529986100557835e-03 3.042775109328652979e+04
1.853632312532930548e-03 3.064897271729333079e+04
1.869875744100183606e-03 3.087139777656885417e+04
1.886261517310543114e-03 3.109502552343173011e+04
1.902790879507789638e-03 3.131985510973209239e+04
1.919465088966214143e-03 3.154588557112673152e+04
1.936285414986399240e-03 3.177311580966462134e+04
1.953253137991844361e-03 3.200154459191381102e+04
1.970369549626436404e-03 3.223117054722002649e+04
1.987635952852770393e-03 3.246199210325285094e+04
2.005053662051342264e-03 3.269400731867591094e+04
2.022624003120600342e-03 3.292721405030893220e+04
2.040348313577877628e-03 3.316161000094378687e+04
2.058227942661206185e-03 3.339719271747623861e+04
2.076264251432032720e-03 3.363395958976170368e+04
2.094458612878820607e-03 3.387190789411165315e+04
2.112812412021570878e-03 3.411103482004404941e+04
2.131327046017252643e-03 3.435133740366601705e+04
2.150003924266158991e-03 3.459281251950855221e+04
2.168844468519199199e-03 3.483545687871504924e+04
2.187850112986125528e-03 3.507926700936489215e+04
2.207022304444708916e-03 3.532423901817750448e+04
2.226362502350873532e-03 3.557036864634136873e+04
2.245872178949798008e-03 3.581765144704865088e+04
2.265552819387986819e-03 3.606608278790921759e+04
2.285405921826323076e-03 3.631565784901848383e+04
2.305432997554115754e-03 3.656637163266575226e+04
2.325635571104145254e-03 3.681821901263536711e+04
2.346015180368713361e-03 3.707119469241699699e+04
2.366573376716716703e-03 3.732529318299565057e+04
2.387311725111741084e-03 3.758050880098142807e+04
2.408231804231188416e-03 3.783683566627507389e+04
2.429335206586457924e-03 3.809426758787591098e+04
2.450623538644169496e-03 3.835279791375568311e+04
2.472098420948456478e-03 3.861241974421052146e+04
2.493761488244321430e-03 3.887312596487596602e+04
2.515614389602086054e-03 3.913490924483020353e+04
2.537658788542920558e-03 3.939776203355781035e+04
2.559896363165478032e-03 3.966167653114126733e+04
2.582328806273636885e-03 3.992664468410547852e+04
2.604957825505360008e-03 4.019265821191948635e+04
2.627785143462693651e-03 4.045970860658580204e+04
2.650812497842890397e-03 4.072778713083606272e+04
2.674041641570695706e-03 4.099688478942077927e+04
2.697474342931779814e-03 4.126699213427199720e+04
2.721112385707349663e-03 4.153809936936727900e+04
2.744957569309939595e-03 4.181019645237777877e+04
2.769011708920385544e-03 4.208327309358778439e+04
2.793276635626000537e-03 4.235731875414683600e+04
2.817754196559968394e-03 4.263232263761590730e+04
2.842446255041954344e-03 4.290827367225083435e+04
2.867354690719942957e-03 4.318516052663327719e+04
2.892481399713329841e-03 4.346297161264693568e+04
2.917828294757251507e-03 4.374169508387954556e+04
2.943397305348202826e-03 4.402131883104952431e+04
2.969190377890906091e-03 4.430183032258437743e+04
2.995209475846484157e-03 4.458321652032600832e+04
3.021456579881921182e-03 4.486546409205142845e+04
3.047933688020845223e-03 4.514855942894199688e+04
3.074642815795618385e-03 4.543248864412527473e+04
3.101585996400771372e-03 4.571723756209686690e+04
3.128765280847774655e-03 4.600279160804983258e+04
3.156182738121164448e-03 4.628913583942006517e+04
3.183840455336052998e-03 4.657625502327981667e+04
3.211740537896997164e-03 4.686413363668899547e+04
3.239885109658273855e-03 4.715275586547332205e+04
3.268276313085550621e-03 4.744210547988766484e+04
3.296916309418985221e-03 4.773216534033617063e+04
3.325807278837741160e-03 4.802291780410046340e+04
3.354951420625955621e-03 4.831434491010074271e+04
3.384350953340147655e-03 4.860642837786726886e+04
3.414008114978114329e-03 4.889914960984465870e+04
3.443925163149288808e-03 4.919249025347286079e+04
3.474104375246597244e-03 4.948643285456722515e+04
3.504548048619825738e-03 4.978095983305399568e+04
3.535258500750496080e-03 5.007605333133558452e+04
3.566238069428288426e-03 5.037169521381907543e+04
3.597489112929000074e-03 5.066786684108940244e+04
3.629014010194063326e-03 5.096454426031565527e+04
3.660815161011637606e-03 5.126169815981542342e+04
3.692894986199295789e-03 5.155929850144194643e+04
3.725255927788307785e-03 5.185731472368661343e+04
3.757900449209521359e-03 5.215571574080987193e+04
3.790831035480899617e-03 5.245447314001575432e+04
3.824050193396696939e-03 5.275358205166280095e+04
3.857560451718264252e-03 5.305304860399723111e+04
3.891364361366559093e-03 5.335287931892878987e+04
3.925464495616342274e-03 5.365308106162220065e+04
3.959863450292035528e-03 5.395366103362733702e+04
3.994563843965359858e-03 5.425460890361262136e+04
4.029568318154642254e-03 5.455585868138005753e+04
4.064879537525904404e-03 5.485733232193465665e+04
4.100500190095726465e-03 5.515895026476492785e+04
4.136432987435836005e-03 5.546063143278778443e+04
4.172680664879553115e-03 5.576229400112965959e+04
4.209245981729989317e-03 5.606388952109473757e+04
4.246131721470106958e-03 5.636541737239863141e+04
4.283340691974616560e-03 5.666688081877923833e+04
4.320875725723704285e-03 5.696828349696750229e+04
4.358739680018657199e-03 5.726962941810797201e+04
4.396935437199382853e-03 5.757092064211759134e+04
4.435465904863803224e-03 5.787213218673437223e+04
4.474334016089211510e-03 5.817322099438736768e+04
4.513542729655532770e-03 5.847414309758718446e+04
4.553095030270558688e-03 5.877485391772921139e+04
4.592993928797172061e-03 5.907530826776833419e+04
4.633242462482515048e-03 5.937546328914511832e+04
4.673843695189225204e-03 5.967528911672950926e+04
4.714800717628645638e-03 5.997475951888591953e+04
4.756116647596106417e-03 6.027384807707428990e+04
4.797794630208276380e-03 6.057252818810971075e+04
4.839837838142557573e-03 6.087077297468695178e+04
4.882249471878613405e-03 6.116854341005538299e+04
4.925032759942013158e-03 6.146577627330993710e+04
4.968190959149965114e-03 6.176240467094516498e+04
5.011727354859276187e-03 6.205836079603422695e+04
5.055645261216416657e-03 6.235357593572924088e+04
5.099948021409808803e-03 6.264798222886849544e+04
5.144639007924347272e-03 6.294154579137304245e+04
5.189721622798083508e-03 6.323426467257594049e+04
5.235199297881242518e-03 6.352613851815620001e+04
5.281075495097435797e-03 6.381716739489848260e+04
5.327353706707205726e-03 6.410735179069103469e+04
5.374037455573887553e-03 6.439668615788319585e+04
5.421130295431745606e-03 6.468512056514286087e+04
5.468635811156534639e-03 6.497258568114944501e+04
5.516557619038364030e-03 6.525901129283327464e+04
5.564899367056992327e-03 6.554432638118695468e+04
5.613664735159538260e-03 6.582845913922293403e+04
5.662857435540591747e-03 6.611134371600802115e+04
5.712481212924797741e-03 6.639293306402725284e+04
5.762539844851952836e-03 6.667318331145576667e+04
5.813037141964512260e-03 6.695205033823956910e+04
5.863976948297720641e-03 6.722948978389405238e+04
5.915363141572193943e-03 6.750545707933403901e+04
5.967199633489124293e-03 6.777990835941856494e+04
6.019490370028062615e-03 6.805280076687893597e+04
6.072239331747268654e-03 6.832409135240074829e+04
6.125450534086768033e-03 6.859373700320828357e+04
6.179128027673979305e-03 6.886169445143258781e+04
6.233275898632087073e-03 6.912791880461378605e+04
6.287898268891099589e-03 6.939234913435502676e+04
6.342999296501596052e-03 6.965491445810168807e+04
6.398583175951270269e-03 6.991554313492034271e+04
6.454654138484243811e-03 7.017416301633034891e+04
6.511216452423129568e-03 7.043070146387655404e+04
6.568274423493988823e-03 7.068508931503155327e+04
6.625832395154061284e-03 7.093727388438936032e+04
6.683894748922429400e-03 7.118720685314243019e+04
6.742465904713564918e-03 7.143483983764033474e+04
6.801550321173745542e-03 7.168012440122828411e+04
6.861152496020520367e-03 7.192301200375215558e+04
6.921276966385038476e-03 7.216344770048168721e+04
6.981928309157461876e-03 7.240136463225743501e+04
7.043111141335381235e-03 7.263669441983514116e+04
7.104830120375243974e-03 7.286936844702580129e+04
7.167089944546941281e-03 7.309931788104245788e+04
7.229895353291417893e-03 7.332647399825727916e+04
7.293251127581470289e-03 7.355077334691234864e+04
7.357162090285709020e-03 7.377215708792055375e+04
7.421633106535663500e-03 7.399056652774543909e+04
7.486669084096138523e-03 7.420594298492206144e+04
7.552274973738845078e-03 7.441822780859516934e+04
7.618455769619212649e-03 7.462736104538961081e+04
7.685216509656625852e-03 7.483327415837174340e+04
7.752562275917872052e-03 7.503589519180472416e+04
7.820498195004034134e-03 7.523515214982982434e+04
7.889029438440761655e-03 7.543097303047505557e+04
7.958161223071901283e-03 7.562328585442993790e+04
8.027898811456676484e-03 7.581201999240380246e+04
8.098247512270241241e-03 7.599710839550197124e+04
8.169212680707815116e-03 7.617848474220844219e+04
8.240799718892369286e-03 7.635608289054851048e+04
8.313014076285804577e-03 7.652983690408922848e+04
8.385861250103807119e-03 7.669968095513014123e+04
8.459346785734338237e-03 7.686554532625699358e+04
8.533476277159725634e-03 7.702735550019853690e+04
8.608255367382541476e-03 7.718503689230751479e+04
8.683689748855126858e-03 7.733851518590361229e+04
8.759785163912944816e-03 7.748771636553399730e+04
8.836547405211723702e-03 7.763256689330092922e+04
8.913982316168361439e-03 7.777299500285583781e+04
8.992095791405817912e-03 7.790893013803062786e+04
9.070893777201773436e-03 7.804030220547721547e+04
9.150382271941299647e-03 7.816704159949751920e+04
9.230567326573513309e-03 7.828907923624273099e+04
9.311455045072140196e-03 7.840634546162992774e+04
9.393051584900200673e-03 7.851876674750944949e+04
9.475363157478756265e-03 7.862626905889160116e+04
9.558396028659692928e-03 7.872877898988184461e+04
9.642156519202763065e-03 7.882622380356720532e+04
9.726651005256688534e-03 7.891853147194096528e+04
9.811885918844558824e-03 7.900563069355717744e+04
9.897867748353487982e-03 7.908745091738669726e+04
9.984603039028476512e-03 7.916392241973600176e+04
1.007209839347071416e-02 7.923497634952444059e+04
1.016036047214014838e-02 7.930054476981621701e+04
1.024939599386252148e-02 7.936056055050372379e+04
1.033921173634086421e-02 7.941495516572394990e+04
1.042981453667136266e-02 7.946365919344704889e+04
1.052121129186391058e-02 7.950660423002479365e+04
1.061340895936706274e-02 7.954372299047092383e+04
1.070641455759768594e-02 7.957494935407699086e+04
1.080023516647525897e-02 7.960021825649347738e+04
1.089487792796076972e-02 7.961946498291728494e+04
1.099035004660039831e-02 7.963262578837753972e+04
1.108665879007400372e-02 7.963963827468424279e+04
1.118381148974827502e-02 7.964044143768413051e+04
1.128181554123492379e-02 7.963497571231129405e+04
1.138067840495357412e-02 7.962318241100737941e+04
1.148040760669971627e-02 7.960500286223064177e+04
1.158101073821763208e-02 7.958037974505654711e+04
1.168249545777822092e-02 7.954925736963411327e+04
1.178486949076206804e-02 7.951158172490553989e+04
1.188814063024745508e-02 7.946730051814796752e+04
1.199231673760362341e-02 7.941636299798384425e+04
1.209740574308924496e-02 7.935871996993370703e+04
1.220341564645603151e-02 7.929432409341180755e+04
1.231035451755775265e-02 7.922312994242628338e+04
1.241823049696455170e-02 7.914509405142159085e+04
1.252705179658258026e-02 7.906017501247505425e+04
1.263682670027919258e-02 7.896833393485665147e+04
1.274756356451346891e-02 7.886953426680320990e+04
1.285927081897237853e-02 7.876374159235303523e+04
1.297195696721249562e-02 7.865092367108083272e+04
1.308563058730726446e-02 7.853105047931449371e+04
1.320030033250006209e-02 7.840409434611861070e+04
1.331597493186284856e-02 7.827003024655344780e+04
1.343266319096068050e-02 7.812883556774021417e+04
1.355037399252206724e-02 7.798049006540523260e+04
1.366911629711506197e-02 7.782497590001381468e+04
1.378889914382947814e-02 7.766227770399441943e+04
1.390973165096488599e-02 7.749238473515803344e+04
1.403162301672476915e-02 7.731529220304473711e+04
1.415458251991675957e-02 7.713099811430927366e+04
1.427861952065890595e-02 7.693950298073902377e+04
1.440374346109222700e-02 7.674080984277548851e+04
1.452996386609953228e-02 7.653492446483374806e+04
1.465729034403038221e-02 7.632185768900037510e+04
1.478573258743262966e-02 7.610162480482560932e+04
1.491530037379015447e-02 7.587424370119825471e+04
1.504600356626720377e-02 7.563973483177610615e+04
1.517785211445924105e-02 7.539812122575433750e+04
1.531085605515026399e-02 7.514942982750393276e+04
1.544502551307693275e-02 7.489369739794165071e+04
1.558037070169922961e-02 7.463096562754249317e+04
1.571690192397795852e-02 7.436127864781569224e+04
1.585462957315910554e-02 7.408468302216948359e+04
1.599356413356491785e-02 7.380122775235591689e+04
1.613371618139203961e-02 7.351096807055461977e+04
1.627509638551668039e-02 7.321397037068901409e+04
1.641771550830663923e-02 7.291030446644281619e+04
1.656158440644070820e-02 7.260004230125101458e+04
1.670671403173501490e-02 7.228325791998791101e+04
1.685311543197674441e-02 7.196002773497605813e+04
1.700079975176520611e-02 7.163043781407015922e+04
1.714977823336008220e-02 7.129458417393499985e+04
1.730006221753734377e-02 7.095256488854235795e+04
1.745166314445245961e-02 7.060447964176398818e+04
1.760459255451128982e-02 7.025042967849050183e+04
1.775886208924864693e-02 6.989051962881477084e+04
1.791448349221437183e-02 6.952487100098631345e+04
1.807146860986742418e-02 6.915361394645711698e+04
1.822982939247756382e-02 6.877687947928532958e+04
1.838957789503509535e-02 6.839479935020563425e+04
1.855072627816858888e-02 6.800750597669847775e+04
1.871328680907050068e-02 6.761513732577615883e+04
1.887727186243101651e-02 6.721784854042227380e+04
1.904269392138015216e-02 6.681579824311588891e+04
1.920956557843785106e-02 6.640914482241585210e+04
1.937789953647273480e-02 6.599804634861885279e+04
1.954770860966897200e-02 6.558266072458782583e+04
1.971900572450177233e-02 6.516315834652043122e+04
1.989180392072146392e-02 6.473972817920264788e+04
2.006611635234600496e-02 6.431255928973385016e+04
2.024195628866244309e-02 6.388183910597583599e+04
2.041933711523690950e-02 6.344775332620339032e+04
2.059827233493361984e-02 6.301048734193238488e+04
2.077877556894281927e-02 6.257024438506105798e+04
2.096086055781757468e-02 6.212723898548115540e+04
2.114454116251979210e-02 6.168168289889355219e+04
2.132983136547544206e-02 6.123378472348082141e+04
2.151674527163878470e-02 6.078374982073276624e+04
2.170529710956629194e-02 6.033178550446875306e+04
2.189550123249959027e-02 5.987812199640152539e+04
2.208737211945817694e-02 5.942299340004553233e+04
2.228092437634165285e-02 5.896662909959505487e+04
2.247617273704144783e-02 5.850925369897704513e+04
2.267313206456256919e-02 5.805108703645369678e+04
2.287181735215488773e-02 5.759235591046678019e+04
2.307224372445455807e-02 5.713330723464203038e+04
2.327442643863537192e-02 5.667418508247694990e+04
2.347838088557013814e-02 5.621522727040308382e+04
2.368412259100226985e-02 5.575666534799018700e+04
2.389166721672779728e-02 5.529872538723580510e+04
2.410103056178741071e-02 5.484164516538660246e+04
2.431222856366931084e-02 5.438567342190789350e+04
2.452527729952230437e-02 5.393105223211536941e+04
2.474019298737967568e-02 5.347801625814755243e+04
2.495699198739387628e-02 5.302679280399830895e+04
2.517569080308173016e-02 5.257760434303000511e+04
2.539630608258092517e-02 5.213068471020037396e+04
2.561885461991718696e-02 5.168626842589937587e+04
2.584335335628274236e-02 5.124458201147517684e+04
2.606981938132603080e-02 5.080584405894557131e+04
2.629826993445247632e-02 5.037026535923085612e+04
2.652872240613695851e-02 4.993805386094399000e+04
2.676119433924753488e-02 4.950942495122396940e+04
2.699570343038087961e-02 4.908458892080237274e+04
2.723226753120951832e-02 4.866374807979053730e+04
2.747090464984061273e-02 4.824709694314136868e+04
2.771163295218685707e-02 4.783482237894956052e+04
2.795447076334942049e-02 4.742710174748507416e+04
2.819943656901275145e-02 4.702410233413131209e+04
2.844654901685196580e-02 4.662598439187640179e+04
2.869582691795218715e-02 4.623290158300112671e+04
2.894728924824061661e-02 4.584500119622934290e+04
2.920095514993110986e-02 4.546242353780495614e+04
2.945684393298116099e-02 4.508529311264032003e+04
2.971497507656207029e-02 4.471372258503564808e+04
2.997536823054157765e-02 4.434781958892328839e+04
3.023804321697977360e-02 4.398768705763194885e+04
3.050302003163806938e-02 4.363342343657502352e+04
3.077031884550123289e-02 4.328511571871777414e+04
3.103996000631291385e-02 4.294281362418647768e+04
3.131196404012470680e-02 4.260655456393158238e+04
3.158635165285843954e-02 4.227637382827435067e+04
3.186314373188263438e-02 4.195230473174736835e+04
3.214236134760231622e-02 4.163437858110239904e+04
3.242402575506305590e-02 4.132260075947879523e+04
3.270815839556906468e-02 4.101692724949743570e+04
3.299478089831518746e-02 4.071730892334089731e+04
3.328391508203361326e-02 4.042369754538781854e+04
3.357558295665461628e-02 4.013604579371539876e+04
3.386980672498209055e-02 3.985430488100040384e+04
3.416660878438381593e-02 3.957837819873020635e+04
3.446601172849620559e-02 3.930812608827244549e+04
3.476803834894445083e-02 3.904341069622675423e+04
3.507271163707731398e-02 3.878409764278584043e+04
3.538005478571737417e-02 3.853005590819977078e+04
3.569009119092666354e-02 3.828114695863110683e+04
3.600284445378745118e-02 3.803716020293580368e+04
3.631833838219895860e-02 3.779785797630193701e+04
3.663659699268977110e-02 3.756300828883012582e+04
3.695764451224587549e-02 3.733238472385267960e+04
3.728150538015512910e-02 3.710576619438914349e+04
3.760820424986745930e-02 3.688290413921247091e+04
3.793776599087163998e-02 3.666346041325524129e+04
3.827021569058858957e-02 3.644708733141326229e+04
3.860557865628085061e-02 3.623344512662335183e+04
3.894388041697935399e-02 3.602220169898588938e+04
3.928514672542653130e-02 3.581303207551059313e+04
3.962940356003681608e-02 3.560560564595324831e+04
3.997667712687430486e-02 3.539958222947110335e+04
4.032699386164747407e-02 3.519462814121066185e+04
4.068038043172164664e-02 3.499041726469296555e+04
4.103686373814910415e-02 3.478663096859683719e+04
4.139647091771667120e-02 3.458295155063139828e+04
4.175922934501172940e-02 3.437899783115978789e+04
4.212516663450580762e-02 3.417435419266062672e+04
4.249431064265684482e-02 3.396861472550155304e+04
4.286668947002979235e-02 3.376138399430768914e+04
4.324233146343548634e-02 3.355227719068575971e+04
4.362126521808880331e-02 3.334089634062290861e+04
4.400351957978517609e-02 3.312675131738566415e+04
4.438912364709654557e-02 3.290933861626889848e+04
4.477810677358655400e-02 3.268817064205384668e+04
4.517049857004485497e-02 3.246277626215404598e+04
4.556632890674122000e-02 3.223270174830181713e+04
4.596562791569960144e-02 3.199754599855674678e+04
4.636842599299151324e-02 3.175699059915565886e+04
4.677475380105029085e-02 3.151074044367769602e+04
4.718464227100487712e-02 3.125851696135872771e+04
4.759812260503456377e-02 3.100005875067820307e+04
4.801522627874434124e-02 3.073512652814060857e+04
4.843598504356062123e-02 3.046357769755255140e+04
4.886043092914862940e-02 3.018535388600628721e+04
4.928859624585032323e-02 2.990041298790890141e+04
4.972051358714406344e-02 2.960872707557155809e+04
5.015621583212590689e-02 2.931028266231409361e+04
5.059573614801216729e-02 2.900509740313246584e+04
5.103910799266458964e-02 2.869330935080652853e+04
5.148636511713694519e-02 2.837510829060963806e+04
5.193754156824442747e-02 2.805069169258483453e+04
5.239267169115556511e-02 2.772026436229906176e+04
5.285179013200642234e-02 2.738403829065689933e+04
5.331493184053807954e-02 2.704229794346449125e+04
5.378213207275738678e-02 2.669550812373427470e+04
5.425342639362029651e-02 2.634415664610159729e+04
5.472885067973967677e-02 2.598872242456455569e+04
5.520844112211605037e-02 2.562967476701316627e+04
5.569223422889262032e-02 2.526747627804744116e+04
5.618026682813466455e-02 2.490270114707963876e+04
5.667257607063259234e-02 2.453605447667269618e+04
5.716919943273043869e-02 2.416822218162776335e+04
5.767017471917831178e-02 2.379986075300044831e+04
5.817554006601044492e-02 2.343159691831741293e+04
5.868533394344829096e-02 2.306403831527816874e+04
5.919959515882884660e-02 2.269786944192140436e+04
5.971836285955880314e-02 2.233379855786251937e+04
6.024167653609487083e-02 2.197249361791387855e+04
6.076957602494951344e-02 2.161458212438808187e+04
6.130210151172388322e-02 2.126065201007338692e+04
6.183929353416649233e-02 2.091130644951522481e+04
6.238119298525927198e-02 2.056725823813787429e+04
6.292784111633067945e-02 2.022919678208687401e+04
6.347927954019548513e-02 1.989776224679948064e+04
6.403555023432291882e-02 1.957354786566843177e+04
6.459669554403180136e-02 1.925710242885899424e+04
6.516275818571411194e-02 1.894893123239310444e+04
6.573378125008699779e-02 1.864946558810757051e+04
6.630980820547247023e-02 1.835907010935700600e+04
6.689088290110695167e-02 1.807807903431865634e+04
6.747704957047871710e-02 1.780680023820502538e+04
6.806835283469535314e-02 1.754551791217091522e+04
6.866483770588062419e-02 1.729449421527034065e+04
6.926654959060060679e-02 1.705388023457577583e+04
6.987353429332038290e-02 1.682365370382511537e+04
7.048583801989105613e-02 1.660377598399468479e+04
7.110350738106656354e-02 1.639421056538512858e+04
7.172658939605250361e-02 1.619492406245750499e+04
7.235513149608488459e-02 1.600588257035921742e+04
7.298918152804086124e-02 1.582683995719913946e+04
7.362878775808144594e-02 1.565726097908825795e+04
7.427399887532501466e-02 1.549661510434630327e+04
7.492486399555428611e-02 1.534439815520222692e+04
7.558143266495480350e-02 1.520013023467961102e+04
7.624375486388673684e-02 1.506332081063943224e+04
7.691188101068964500e-02 1.493320939915842791e+04
7.758586196552029468e-02 1.480891324115768111e+04
7.826574903422438279e-02 1.468958001026778220e+04
7.895159397224237041e-02 1.457438634500145236e+04
7.964344898854879007e-02 1.446253321617354595e+04
8.034136674962719105e-02 1.435314883281357288e+04
8.104540038347872455e-02 1.424525552773763047e+04
8.175560348366674168e-02 1.413789515838662373e+04
8.247203011339668266e-02 1.403013814044055835e+04
8.319473480963104906e-02 1.392108353455009274e+04
8.392377258724156852e-02 1.380987437311805115e+04
8.465919894319660910e-02 1.369571134705666191e+04
8.540106986078603579e-02 1.357782851014652078e+04
8.614944181388300981e-02 1.345549203956695783e+04
8.690437177124261947e-02 1.332800493855289278e+04
8.766591720083878603e-02 1.319482598590634916e+04
8.843413607423902811e-02 1.305562001563897684e+04
8.920908687101709866e-02 1.291009530009854825e+04
8.999082858320513190e-02 1.275799146993656541e+04
9.077942071978387095e-02 1.259910224886588367e+04
9.157492331121293294e-02 1.243350538529853475e+04
9.237739691400075059e-02 1.226146427461550775e+04
9.318690261531377417e-02 1.208325740296267577e+04
9.400350203762736223e-02 1.189917470503533332e+04
9.482725734341605761e-02 1.170963964330236377e+04
9.565823123988595467e-02 1.151539831809821044e+04
9.649648698374832523e-02 1.131722635574400010e+04
9.734208838603444769e-02 1.111587104443652970e+04
9.819509981695383194e-02 1.091208369655571187e+04
9.905558621079361969e-02 1.070683595657908700e+04
9.992361307086189415e-02 1.050115767826460797e+04
1.007992464744743577e-01 1.029601350835814810e+04
1.016825530779838366e-01 1.009231485435523609e+04
1.025736001218545551e-01 9.891087779640873123e+03
1.034724554357810966e-01 9.693412800094669365e+03
1.043791874438512179e-01 9.500286493646570307e+03
1.052938651697551964e-01 9.312620139710134026e+03
1.062165582420395438e-01 9.131209454991345410e+03
1.071473368994076969e-01 8.956750497871134939e+03
1.080862719960670321e-01 8.789878705736156917e+03
1.090334350071220232e-01 8.631156503261088801e+03
1.099888980340157918e-01 8.480873447417365242e+03
1.109527338100181337e-01 8.339152367778266125e+03
1.119250157057624928e-01 8.206105562529472081e+03
1.129058177348315900e-01 8.081775683768534691e+03
1.138952145593908755e-01 7.965855778651575747e+03
1.148932814958724402e-01 7.857944102739920709e+03
1.159000945207086519e-01 7.757666235811602746e+03
1.169157302761150846e-01 7.664495150728054796e+03
1.179402660759256011e-01 7.577584699058795195e+03
1.189737799114770483e-01 7.496092257743186565e+03
1.200163504575464668e-01 7.419200002083690379e+03
1.210680570783405352e-01 7.345963775794321919e+03
1.221289798335362248e-01 7.275383634491387966e+03
1.231991994843761318e-01 7.206496826598406187e+03
1.242787974998155187e-01 7.138341654483825550e+03
1.253678560627244365e-01 7.069928298283188269e+03
1.264664580761439561e-01 7.000298058792340271e+03
1.275746871695964402e-01 6.928562375895158766e+03
1.286926277054524781e-01 6.854021736667938058e+03
1.298203647853521658e-01 6.776057898319681954e+03
1.309579842566835906e-01 6.694106282877820377e+03
1.321055727191182971e-01 6.607809055281105429e+03
1.332632175312027378e-01 6.516941398078024577e+03
1.344310068170088135e-01 6.421327785043773474e+03
1.356090294728424794e-01 6.321124619579469254e+03
1.367973751740098887e-01 6.216764984120374720e+03
1.379961343816450969e-01 6.108694447375313757e+03
1.392053983495950276e-01 5.997540200845469371e+03
1.404252591313667475e-01 5.884101946378860703e+03
1.416558095871350287e-01 5.769155260495211223e+03
1.428971433908105271e-01 5.653623871153611617e+03
1.441493550371714394e-01 5.538562499445603862e+03
1.454125398490559995e-01 5.424949733482917509e+03
1.466867939846190905e-01 5.313596183043195197e+03
1.479722144446525556e-01 5.205173806475207130e+03
1.492688990799685700e-01 5.100312100672079396e+03
1.505769465988485711e-01 4.999734574094635718e+03
1.518964565745579420e-01 4.904180481864370449e+03
1.532275294529246989e-01 4.814212366698860933e+03
1.545702665599871795e-01 4.729846608677461518e+03
1.559247701097059569e-01 4.650963912326486025e+03
1.572911432117456154e-01 4.577378913328756425e+03
1.586694898793238051e-01 4.508782824173315021e+03
1.600599150371285750e-01 4.444856508678142745e+03
1.614625245293063172e-01 4.385067917332723482e+03
1.628774251275182383e-01 4.328750319547517392e+03
1.643047245390686362e-01 4.275218927333156898e+03
1.657445314151043125e-01 4.223648123141787437e+03
1.671969553588846802e-01 4.173213023097566293e+03
1.686621069341255053e-01 4.123111853385701579e+03
1.701400976734160075e-01 4.072566213965087172e+03
1.716310400867079033e-01 4.020877546550732404e+03
1.731350476698814145e-01 3.967528399083200384e+03
1.746522349133839136e-01 3.912078747832238605e+03
1.761827173109455635e-01 3.854310679353714022e+03
1.777266113683719784e-01 3.794163933071710744e+03
1.792840346124116302e-01 3.731703604840697608e+03
1.808551055997038581e-01 3.667202619091967790e+03
1.824399439258025668e-01 3.600991144818515750e+03
1.840386702342809710e-01 3.533583703125634656e+03
1.856514062259156939e-01 3.465531410246059295e+03
1.872782746679498844e-01 3.397431412682637074e+03
1.889193994034403801e-01 3.329891980982295991e+03
1.905749053606833887e-01 3.263518637925908024e+03
1.922449185627255197e-01 3.198918130081295658e+03
1.939295661369570822e-01 3.136605477176857676e+03
1.956289763247890112e-01 3.076965486997535209e+03
1.973432784914150584e-01 3.020290202385150224e+03
1.990726031356604142e-01 2.966697203846627872e+03
2.008170818999144569e-01 2.916213619095735339e+03
2.025768475801529855e-01 2.868646983985937368e+03
2.043520341360466341e-01 2.823730024609191332e+03
2.061427767011574930e-01 2.781050748106375977e+03
2.079492115932278784e-01 2.740156454137110359e+03
2.097714763245561720e-01 2.700538565960132928e+03
2.116097096124638643e-01 2.661692218562416201e+03
2.134640513898572733e-01 2.623160269553814942e+03
2.153346428158786074e-01 2.584527440110362932e+03
2.172216262866505376e-01 2.545448499278464624e+03
2.191251454461180248e-01 2.505643419061227632e+03
2.210453451969818239e-01 2.464967953508039045e+03
2.229823717117281612e-01 2.423364218182933200e+03
2.249363724437577206e-01 2.380913612514767465e+03
2.269074961386092215e-01 2.337785500817821685e+03
2.288958928452830832e-01 2.294273618056081887e+03
2.309017139276620667e-01 2.250732021775462727e+03
2.329251120760359728e-01 2.207570697814367122e+03
2.349662413187239840e-01 2.165158567033141480e+03
2.370252570337984532e-01 2.123817325914553294e+03
2.391023159609153292e-01 2.083799892104942501e+03
2.411975762132445578e-01 2.045291701698733277e+03
2.433111972895049824e-01 2.008366316336879436e+03
2.454433400861082970e-01 1.973028277317891252e+03
2.475941669094060549e-01 1.939209236220047160e+03
2.497638414880435365e-01 1.906763700609597436e+03
2.519525289854260275e-01 1.875486486033894835e+03
2.541603960122898465e-01 1.845114387283986844e+03
2.563876106393864207e-01 1.815361731736804586e+03
2.586343424102743316e-01 1.785932649822780604e+03
2.609007623542284882e-01 1.756588890278550025e+03
2.631870429992582139e-01 1.727154571724775451e+03
2.654933583852389645e-01 1.697534798851331061e+03
2.678198840771641720e-01 1.667719192987308816e+03
2.701667971785079447e-01 1.637774356984765518e+03
2.725342763447057282e-01 1.607811176762272453e+03
2.749225017967570350e-01 1.577966318689477703e+03
2.773316553349428060e-01 1.548397018927179715e+03
2.797619203526636733e-01 1.519277326366076750e+03
2.822134818504031806e-01 1.490775994806799190e+03
2.846865264498085746e-01 1.463039963950416222e+03
2.871812424078985515e-01 1.436170244090048982e+03
2.896978196313915732e-01 1.410202033612449441e+03
2.922364496911656895e-01 1.385096682877435569e+03
2.947973258368396521e-01 1.360754441162850753e+03
2.973806430114827037e-01 1.337050020649903900e+03
2.999865978664570387e-01 1.313853656829181773e+03
3.026153887763862183e-01 1.291047867722686306e+03
3.052672158542545366e-01 1.268526603356608121e+03
3.079422809666437222e-01 1.246199183820898497e+03
3.106407877490978686e-01 1.223996666571188371e+03
3.133629416216232588e-01 1.201882685319392067e+03
3.161089498043292423e-01 1.179872575358401491e+03
3.188790213332001189e-01 1.158030088921086190e+03
3.216733670760088537e-01 1.136449366213511894e+03
3.244921997483670162e-01 1.115223761875341097e+03
3.273357339299206581e-01 1.094423239448393588e+03
3.302041860806832485e-01 1.074090011032868460e+03
3.330977745575113835e-01 1.054243904484430004e+03
3.360167196307311532e-01 1.034891338594976105e+03
3.389612435009031755e-01 1.016027049249859488e+03
3.419315703157362885e-01 9.976179024368890396e+02
3.449279261871533997e-01 9.796007944545913233e+02
3.479505392085030513e-01 9.618971637804918373e+02
3.509996394719196999e-01 9.444379172755061518e+02
3.540754590858437023e-01 9.271861681952564140e+02
3.571782321926877946e-01 9.101360553487770630e+02
3.603081949866612232e-01 8.932957590784959621e+02
3.634655857317484196e-01 8.766733044681875526e+02
3.666506447798490997e-01 8.602794054834623694e+02
3.698636145890737970e-01 8.441396391230467771e+02
3.731047397421978773e-01 8.282944998264788410e+02
3.763742669652845874e-01 8.127815832265678182e+02
3.796724451464647543e-01 7.976130838758314212e+02
3.829995253548802436e-01 7.827703155391072869e+02
3.863557608598013338e-01 7.682244416820784636e+02
3.897414071499031296e-01 7.539549040849938137e+02
3.931567219527156154e-01 7.399490530101875265e+02
3.966019652542404073e-01 7.261886951307119489e+02
4.000773993187458633e-01 7.126444933160132678e+02
4.035832887087292264e-01 6.992917930425686563e+02
4.071199003050542942e-01 6.861302463070948079e+02
4.106875033272712749e-01 6.731801554994281105e+02
4.142863693541090075e-01 6.604595090095226624e+02
4.179167723441460369e-01 6.479696681834991523e+02
4.215789886566697064e-01 6.357048445873243736e+02
4.252732970727114425e-01 6.236719946167575017e+02
4.289999788162664474e-01 6.118794281304533342e+02
4.327593175757060151e-01 6.003166540092523746e+02
4.365515995253695380e-01 5.889721324864781309e+02
4.403771133473510235e-01 5.778349425833216628e+02
4.442361502534713513e-01 5.668950932576175319e+02
4.481290040074509817e-01 5.561470378105474310e+02
4.520559709472701249e-01 5.455879479861107484e+02
4.560173500077245867e-01 5.352150630083947362e+02
4.600134427431863404e-01 5.250256447470758303e+02
4.640445533505569431e-01 5.150169781052103417e+02
4.681109886924214591e-01 5.051863713835657563e+02
4.722130583204124377e-01 4.955311566220893837e+02
4.763510744987723422e-01 4.860486899190219674e+02
4.805253522281213163e-01 4.767363517283154124e+02
4.847362092694411095e-01 4.675915471356994999e+02
4.889839661682609528e-01 4.586117061141926570e+02
4.932689462790607049e-01 4.497942837593824947e+02
4.975914757898813878e-01 4.411367605051461283e+02
5.019518837471619310e-01 4.326366423202288729e+02
5.063505020807841372e-01 4.242914608863389390e+02
5.107876656293381945e-01 4.160987737581562556e+02
5.152637121656163943e-01 4.080561645058103295e+02
5.197789824223241206e-01 4.001612428403707895e+02
5.243338201180135494e-01 3.924116447227904700e+02
5.289285719832551580e-01 3.848050324568428664e+02
5.335635877870289479e-01 3.773390947665162116e+02
5.382392203633478145e-01 3.700115468583596225e+02
5.429558256381211701e-01 3.628201304692462372e+02
5.477137626562463835e-01 3.557626095014074394e+02
5.525133936089424713e-01 3.488366863139298744e+02
5.573550838613169356e-01 3.420400158027560451e+02
5.622392019801850660e-01 3.353702895987988768e+02
5.671661197621230555e-01 3.288252387386046394e+02
5.721362122617682511e-01 3.224026330214960012e+02
5.771498578203750895e-01 3.161002803767395903e+02
5.822074380946129502e-01 3.099160262406030597e+02
5.873093380856161394e-01 3.038477529431835933e+02
5.924559461682977757e-01 2.978933791047721797e+02
5.976476541209110316e-01 2.920508590417255732e+02
6.028848571548699464e-01 2.863181821815987860e+02
6.081679539448400229e-01 2.806933724874717768e+02
6.134973466590832869e-01 2.751744878912942909e+02
6.188734409900740197e-01 2.697596197361224313e+02
6.242966461853780569e-01 2.644468922271219640e+02
6.297673750788121971e-01 2.592344618911849921e+02
6.352860441218676213e-01 2.541205170450569142e+02
6.408530734154079811e-01 2.491032772718213550e+02
6.464688867416561457e-01 2.441809929056294663e+02
6.521339115964497335e-01 2.393519445245527777e+02
6.578485792217818595e-01 2.346144424514210129e+02
6.636133246386338724e-01 2.299668262625390867e+02
6.694285866800885332e-01 2.254074643041594186e+02
6.752948080247312967e-01 2.209347532165865857e+02
6.812124352303562391e-01 2.165471206864063731e+02
6.871819187679544250e-01 2.122430381212273858e+02
6.932037130560080307e-01 2.080210076112145998e+02
6.992782764950775665e-01 2.038795557982096511e+02
7.054060715027036244e-01 1.998172335254146788e+02
7.115875645486050560e-01 1.958326154939720425e+02
7.178232261901839051e-01 1.919242999231502154e+02
7.241135311083537474e-01 1.880909082141058377e+02
7.304589581436700119e-01 1.843310846172282140e+02
7.368599903327773815e-01 1.806434959030692653e+02
7.433171149451881510e-01 1.770268310368103641e+02
7.498308235203698935e-01 1.734798008563137444e+02
7.564016119051647502e-01 1.700011377536866917e+02
7.630299802915312402e-01 1.665895953604050135e+02
7.697164332546277965e-01 1.632439482359281726e+02
7.764614797912186006e-01 1.599629915598405887e+02
7.832656333584174790e-01 1.567455408274744002e+02
7.901294119127805216e-01 1.535904315490105887e+02
7.970533379497317661e-01 1.504965189520495414e+02
8.040379385433330528e-01 1.474626776876194469e+02
8.110837453864154778e-01 1.444878015396166404e+02
8.181912948310486877e-01 1.415708031376660188e+02
8.253611279293661118e-01 1.387106136733739845e+02
8.325937904747610085e-01 1.359061826199558709e+02
8.398898330434274584e-01 1.331564774314403223e+02
8.472498110362753909e-01 1.304604813852115228e+02
8.546742847212045469e-01 1.278171921441262242e+02
8.621638192757615782e-01 1.252256246613290358e+02
8.697189848301605242e-01 1.226848112360561061e+02
8.773403565106767665e-01 1.201938012324246330e+02
8.850285144834389994e-01 1.177516608022410338e+02
8.927840439985871290e-01 1.153574726117894613e+02
9.006075354348197504e-01 1.130103355725397591e+02
9.084995843443454122e-01 1.107093645757472302e+02
9.164607914982130232e-01 1.084536902308858259e+02
9.244917629320401620e-01 1.062424586078787030e+02
9.325931099921561662e-01 1.040748309830724025e+02
9.407654493821339114e-01 1.019499835889254626e+02
9.490094032097382559e-01 9.986710736735108185e+01
9.573255990342768307e-01 9.782540772668505724e+01
9.657146699143819291e-01 9.582410430222211062e+01
9.741772544561962954e-01 9.386243072028787537e+01
9.827139968619810206e-01 9.193963436580500570e+01
9.913255469791646401e-01 9.005497615329625205e+01
1.000012560349806900e+00 8.820773030130651193e+01
1.008775698260495401e+00 8.639718411017621236e+01
1.017615627792695987e+00 8.462263774314737930e+01
1.026533021873528240e+00 8.288340401074124486e+01
1.035528559326984732e+00 8.117880815838852016e+01
1.044602924925617460e+00 7.950818768352031896e+01
1.053756809442657483e+00 7.787089238928035684e+01
1.062990909704603304e+00 7.626628404693310870e+01
1.072305928644256445e+00 7.469373600830593318e+01
1.081702575354245299e+00 7.315263300808662450e+01
1.091181565140995957e+00 7.164237097195821491e+01
1.100743619579178878e+00 7.016235682763114312e+01
1.110389466566649608e+00 6.871200831872140213e+01
1.120119840379852016e+00 6.729075382145484241e+01
1.129935481729710034e+00 6.589803216415248244e+01
1.139837137818023649e+00 6.453329244946593235e+01
1.149825562394342970e+00 6.319599387932766632e+01
1.159901515813339890e+00 6.188560558257914579e+01
1.170065765092702659e+00 6.060160644524817286e+01
1.180319083971513416e+00 5.934348494343461056e+01
1.190662252969154844e+00 5.811073897877726324e+01
1.201096059444715314e+00 5.690287571646611298e+01
1.211621297656940266e+00 5.571941142576321226e+01
1.222238768824685406e+00 5.455987132300695208e+01
1.232949281187904589e+00 5.342378941706044060e+01
1.243753650069185923e+00 5.231070835717629564e+01
1.254652697935813022e+00 5.122017928324232372e+01
1.265647254462365812e+00 5.015176167838198751e+01
1.276738156593893336e+00 4.910502322387022645e+01
1.287926248609617019e+00 4.807953965632160731e+01
1.299212382187193038e+00 4.707489453180225780e+01
1.310597416467560672e+00 4.609067887962159205e+01
1.322082218120331554e+00 4.512649133969970450e+01
1.333667661409771110e+00 4.418193809563164365e+01
1.345354628261338448e+00 4.325663274096487498e+01
1.357144008328838192e+00 4.235019614766083862e+01
1.369036699062135209e+00 4.146225633671059541e+01
1.381033605775465078e+00 4.059244835087254444e+01
1.393135641716366502e+00 3.974041412950099783e+01
1.405343728135189041e+00 3.890580238543618208e+01
1.417658794355219465e+00 3.808826848392543241e+01
1.430081777843436264e+00 3.728747432354339963e+01
1.442613624281866125e+00 3.650308821908762980e+01
1.455255287639574568e+00 3.573478478641340672e+01
1.468007730245278974e+00 3.498224482918492839e+01
1.480871922860616197e+00 3.424515522750996865e+01
1.493848844754034344e+00 3.352320882843501693e+01
1.506939483775331601e+00 3.281610433826929807e+01
1.520144836430867841e+00 3.212354621670905885e+01
1.533465907959417063e+00 3.144524457274163254e+01
1.546903712408680409e+00 3.078091506229641183e+01
1.560459272712494405e+00 3.013027878761859668e+01
1.574133620768694675e+00 2.949306219833967191e+01
1.587927797517656447e+00 2.886899699422041721e+01
1.601842853021555158e+00 2.825782002763543233e+01
1.615879846544284959e+00 2.765927315536769271e+01
1.630039846632103329e+00 2.707310314367018833e+01
1.644323931194959343e+00 2.649906164270424469e+01
1.658733187588565361e+00 2.593690510049007969e+01
1.673268712697163041e+00 2.538639467463712407e+01
1.687931613017011223e+00 2.484729614559419986e+01
1.702723004740636092e+00 2.431937983139720316e+01
1.717644013841789441e+00 2.380242050389207975e+01
1.732695776161153889e+00 2.329619730640585473e+01
1.747879437492823707e+00 2.280049367284833650e+01
1.763196153671520383e+00 2.231509724821542306e+01
1.778647090660566032e+00 2.183979981047888685e+01
1.794233424640662378e+00 2.137439719383365144e+01
1.809956342099412252e+00 2.091868921328591568e+01
1.825817039921644902e+00 2.047247959055891187e+01
1.841816725480516226e+00 2.003557588129438116e+01
1.857956616729434796e+00 1.960778940353085886e+01
1.874237942294769921e+00 1.918893516743565897e+01
1.890661941569368176e+00 1.877883180627456738e+01
1.907229864806919029e+00 1.837730150859331957e+01
1.923942973217121377e+00 1.798416995159758258e+01
1.940802539061678766e+00 1.759926623570702731e+01
1.957809845751169231e+00 1.722242282026763149e+01
1.974966187942734930e+00 1.685347546040079081e+01
1.992272871638622878e+00 1.649226313948934219e+01
2.009731214285624734e+00 1.613862797804176097e+01
2.027342544875352370e+00 1.579241519847487574e+01
2.045108204045411160e+00 1.545347308196692637e+01
2.063029544181440578e+00 1.512165291052960292e+01
2.081107929520083388e+00 1.479680891007169663e+01
2.099344736252827470e+00 1.447879819448585437e+01
2.117741352630751805e+00 1.416748071074233195e+01
2.136299179070231702e+00 1.386271918497161693e+01
2.155019628259528641e+00 1.356437906952038652e+01
2.173904125266318932e+00 1.327232849096474609e+01
2.192954107646199802e+00 1.298643819906274999e+01
2.212171025552107206e+00 1.270658151663226043e+01
2.231556341844695979e+00 1.243263429033848055e+01
2.251111532203720955e+00 1.216447484237433230e+01
2.270838085240357351e+00 1.190198392301965491e+01
2.290737502610523002e+00 1.164504466406449623e+01
2.310811299129179375e+00 1.139354253308125742e+01
2.331061002885662869e+00 1.114736528853108233e+01
2.351488155360001997e+00 1.090640293569081010e+01
2.372094311540241751e+00 1.067054768338714688e+01
2.392881040040847562e+00 1.043969390152136434e+01
2.413849923222093796e+00 1.021373807937518485e+01
2.435002557310510074e+00 9.992578784681095172e+00
2.456340552520417830e+00 9.776116623371027714e+00
2.477865533176488722e+00 9.564254187091671966e+00
2.499579137837386167e+00 9.356896001134927587e+00
2.521483019420520222e+00 9.153948512896160850e+00
2.543578845327858939e+00 8.955320058204476297e+00
2.565868297572864165e+00 8.760920824523189765e+00
2.588353072908515351e+00 8.570662814836653709e+00
2.611034882956498659e+00 8.384459812210875995e+00
2.633915454337488971e+00 8.202227345015954185e+00
2.656996528802573199e+00 8.023882652799095183e+00
2.680279863365864657e+00 7.849344652796010458e+00
2.703767230438239189e+00 7.678533907070172582e+00
2.727460417962246808e+00 7.511372590268598159e+00
2.751361229548239695e+00 7.347784457982363904e+00
2.775471484611654827e+00 7.187694815702839968e+00
2.799793018511521403e+00 7.031030488361295738e+00
2.824327682690156216e+00 6.877719790442631265e+00
2.849077344814132218e+00 6.727692496662460719e+00
2.874043888916434586e+00 6.580879813197756611e+00
2.899229215539868232e+00 6.437214349461033436e+00
2.924635241881762937e+00 6.296630090408311453e+00
2.950263901939902844e+00 6.159062369371421042e+00
2.976117146659730484e+00 6.024447841405176085e+00
3.002196944082896390e+00 5.892724457140073646e+00
3.028505279497052616e+00 5.763831437131631930e+00
3.055044155586966070e+00 5.637709246210565794e+00
3.081815592587004549e+00 5.514299562123173182e+00
3.108821628434897288e+00 5.393545253684351337e+00
3.136064318926886418e+00 5.275390362793901389e+00
3.163545737874197350e+00 5.159780081229150106e+00
3.191267977260936028e+00 5.046660727731993035e+00
3.219233147403323780e+00 4.935979725535694307e+00
3.247443377110326157e+00 4.827685580323095138e+00
3.275900813845736170e+00 4.721727858608139705e+00
3.304607623891632873e+00 4.618057166533659164e+00
3.333565992513268128e+00 4.516625129076966338e+00
3.362778124125451296e+00 4.417384369656155663e+00
3.392246242460340788e+00 4.320288490129811088e+00
3.421972590736702902e+00 4.225292051183049402e+00
3.451959431830711189e+00 4.132350553091940881e+00
3.482209048448179800e+00 4.041420416860405318e+00
3.512723743298342693e+00 3.952458965722073447e+00
3.543505839269122770e+00 3.865424407000614515e+00
3.574557679603992177e+00 3.780275814321437444e+00
3.605881628080328749e+00 3.696973110169120780e+00
3.637480069189340970e+00 3.615477048783390046e+00
3.669355408317618306e+00 3.535749199387485664e+00
3.701510071930220303e+00 3.457751929743310360e+00
3.733946507755367517e+00 3.381448390026470463e+00
3.766667184970809323e+00 3.306802497015790543e+00
3.799674594391771798e+00 3.233778916485867239e+00
3.832971248660541175e+00 3.162343041584008141e+00
3.866559682437780587e+00 3.092460985148458796e+00
3.900442452595444642e+00 3.024099567500199370e+00
3.934622138411440151e+00 2.957226302058064249e+00
3.969101341765932212e+00 2.891809381236847276e+00
4.003882687339459068e+00 2.827817662623467676e+00
4.038968822812704751e+00 2.765220655425730367e+00
4.074362419068034313e+00 2.703988507188662016e+00
4.110066170392848051e+00 2.644091990772954759e+00
4.146082794684663675e+00 2.585502491591132657e+00
4.182415033657987280e+00 2.528191995096013223e+00
4.219065653053069020e+00 2.472133074516935203e+00
4.256037442846417385e+00 2.417298878839020837e+00
4.293333217463159102e+00 2.363663121020652902e+00
4.330955815991329949e+00 2.311200066444884182e+00
4.368908102397967674e+00 2.259884521600127538e+00
4.407192965747137592e+00 2.209691822985748288e+00
4.445813320419832237e+00 2.160597826238437325e+00
4.484772106335867647e+00 2.112578895474769958e+00
4.524072289177661688e+00 2.065611892846264563e+00
4.563716860615964599e+00 2.019674168302511230e+00
4.603708838537645676e+00 1.974743549558519717e+00
4.644051267275397521e+00 1.930798332262247063e+00
4.684747217839465350e+00 1.887817270330866215e+00
4.725799788151463510e+00 1.845779565218838014e+00
4.767212103280172641e+00 1.804664856263325401e+00
4.808987315679448038e+00 1.764453213471225634e+00
4.851128605428158380e+00 1.725125128766084037e+00
4.893639180472318273e+00 1.686661507263406135e+00
4.936522276869263592e+00 1.649043658721565553e+00
4.979781159033962012e+00 1.612253289164624404e+00
5.023419119987571513e+00 1.576272492673797432e+00
5.067439481608080776e+00 1.541083743344279888e+00
5.111845594883162924e+00 1.506669887404338937e+00
5.156640840165319872e+00 1.473014135493172505e+00
5.201828627429171625e+00 1.440100055094887921e+00
5.247412396531015766e+00 1.407911563125189947e+00
5.293395617470734393e+00 1.376432918667915395e+00
5.339781790655902860e+00 1.345648715858588140e+00
5.386574447168278823e+00 1.315543876911940302e+00
5.433777149032557929e+00 1.286103645290736841e+00
5.481393489487586201e+00 1.257313579012916627e+00
5.529427093259858594e+00 1.229159544094682088e+00
5.577881616839428069e+00 1.201627708126527194e+00
5.626760748758290021e+00 1.174704533979738841e+00
5.676068209871159453e+00 1.148376773640861881e+00
5.725807753638665787e+00 1.122631462171478578e+00
5.775983166413155345e+00 1.097455911790953476e+00
5.826598267726881275e+00 1.072837705861083180e+00
5.877656910582736316e+00 1.048764691581002717e+00
5.929162981747613692e+00 1.025224975514483772e+00
5.981120402048242468e+00 1.002206919147726527e+00
6.033533126669679447e+00 9.796991335450410121e-01
6.086405145456343924e+00 9.576904741057729042e-01
6.139740483215801348e+00 9.361700354287584291e-01
6.193543200025127149e+00 9.151271462821498615e-01
6.247817391539922660e+00 8.945513646764955418e-01
6.302567189306174100e+00 8.744324730390287126e-01
6.357796761074714809e+00 8.547604734871054877e-01
6.413510311118463925e+00 8.355255831989231163e-01
6.469712080552534772e+00 8.167182298794023465e-01
6.526406347657048634e+00 7.983290473194819548e-01
6.583597428202782709e+00 7.803488710468921008e-01
6.641289675779766810e+00 7.627687340665688653e-01
6.699487482128652083e+00 7.455798626889095226e-01
6.758195277475042673e+00 7.287736724441546965e-01
6.817417530866700659e+00 7.123417640811252616e-01
6.877158750513815200e+00 6.962759196485971414e-01
6.937423484132143159e+00 6.805680986577273828e-01
6.998216319289166876e+00 6.652104343238448569e-01
7.059541883753387204e+00 6.501952298860117496e-01
7.121404845846568854e+00 6.355149550028150740e-01
7.183809914799073049e+00 6.211622422224178930e-01
7.246761841108412483e+00 6.071298832748618368e-01
7.310265416900848301e+00 5.934108252979142240e-01
7.374325476296132109e+00 5.799981681371166875e-01
7.438946895775586654e+00 5.668851612137364437e-01
7.504134594553256932e+00 5.540652003417559923e-01
7.569893534950414171e+00 5.415318246110745193e-01
7.636228722773251043e+00 5.292787133357167439e-01
7.703145207694015006e+00 5.172996830656036993e-01
7.770648083635376402e+00 5.055886846607045015e-01
7.838742489158147642e+00 4.941398004262518295e-01
7.907433607852534685e+00 4.829472413077417481e-01
7.976726668732689873e+00 4.720053441445800635e-01
8.046626946634720667e+00 4.613085689811149970e-01
8.117139762618307941e+00 4.508514964339162545e-01
8.188270484371733104e+00 4.406288251141344814e-01
8.260024526620432184e+00 4.306353691038579123e-01
8.332407351539275808e+00 4.208660554852745594e-01
8.405424469168309543e+00 4.113159219216968587e-01
8.479081437832231671e+00 4.019801142892356349e-01
8.553383864563441463e+00 3.928538843582172202e-01
8.628337405528977655e+00 3.839325875232280638e-01
8.703947766461013202e+00 3.752116805808577427e-01
8.780220703091176304e+00 3.666867195541324009e-01
8.857162021588770529e+00 3.583533575626624001e-01
8.934777579002730619e+00 3.502073426810252688e-01
9.013073283707420558e+00 3.422445147844150326e-01
9.092055095852501267e+00 3.344608037341226803e-01
9.171729027816580171e+00 3.268522285699553831e-01
9.252101144664914401e+00 3.194148956306070430e-01
9.333177564611057520e+00 3.121449966678478405e-01
9.414964459482680681e+00 3.050388070007489238e-01
9.497468055191351510e+00 2.980926837091495973e-01
9.580694632206430583e+00 2.913030638655029203e-01
9.664650526033256028e+00 2.846664628043412137e-01
9.749342127695367566e+00 2.781794724285498455e-01
9.834775884220981368e+00 2.718387595516914002e-01
9.920958299133843639e+00 2.656410642756204532e-01
1.000789593294826929e+01 2.595831984026648609e-01
1.009559540366848474e+01 2.536620438816373224e-01
1.018406338729252347e+01 2.478745512869697243e-01
1.027330661832036363e+01 2.422177383302935860e-01
1.036333189026660406e+01 2.366886884037607830e-01
1.045414605617755655e+01 2.312845491544771592e-01
1.054575602915301502e+01 2.260025310893512829e-01
1.063816878287246226e+01 2.208399062097531895e-01
1.073139135212587725e+01 2.157940066753625818e-01
1.082543083334934408e+01 2.108622234965580322e-01
1.092029438516523143e+01 2.060420052547883574e-01
1.101598922892703847e+01 2.013308568503145990e-01
1.111252264926925903e+01 1.967263387270551112e-01
1.120990199466183235e+01 1.922260675529921248e-01
1.130813467796949290e+01 1.878277132378238234e-01
1.140722817701616698e+01 1.835289969515249420e-01
1.150719003515414762e+01 1.793276900178850664e-01
1.160802786183834634e+01 1.752216128319330768e-01
1.170974933320548672e+01 1.712086338001848340e-01
1.181236219265855070e+01 1.672866683032403212e-01
1.191587425145617196e+01 1.634536776802719138e-01
1.202029338930720748e+01 1.597076682349569121e-01
1.212562755497068068e+01 1.560466902624131902e-01
1.223188476686080328e+01 1.524688370967084705e-01
1.233907311365732262e+01 1.489722441785232554e-01
1.244720075492137212e+01 1.455550881425367871e-01
1.255627592171654960e+01 1.422155859241578668e-01
1.266630691723541524e+01 1.389519938851845882e-01
1.277730211743171473e+01 1.357626069579926098e-01
1.288926997165788713e+01 1.326457578078997224e-01
1.300221900330829605e+01 1.295998160133054189e-01
1.311615781046798723e+01 1.266231872632523625e-01
1.323109506656732925e+01 1.237143125720402276e-01
1.334703952104220726e+01 1.208716675105497573e-01
1.346399999999998087e+01 1.180937614539261105e-01
