# ff065fa778254cca54b85bb3a68aab7b5381e1714f11192a638a154f53590803#
# baonoise-meta {"cosmology":{"N_eff":3.046,"h":0.67,"mnu":0.0,"ns":0.962,"ombh2":0.021996100000000005,"omch2":0.11985630000000001,"omnuh2":0.0,"sigma_8":0.834},"data_sha256":"89d27adde730cb67050cb1a692ee37c19091b68532d0d0770a87800023f45b4a","format":"baonoise-pk-v2","generator":{"package":"camb","version":"2.0.2"},"settings":{"As":2.1e-09,"accurate_massive_neutrino_transfers":false,"kmax_h_mpc":20.0,"minkh_h_mpc":0.0001,"neutrino_input":"omnuh2_active","nonlinear":false,"npoints":1400,"redshift":0.0,"tau":0.06}}
6.700000000000000226e-05 1.463199345153791228e+03
6.758712286554761255e-05 1.475525724057370098e+03
6.817939070511383644e-05 1.487955839990414006e+03
6.877684860424929613e-05 1.500490559742931509e+03
6.937954204359048755e-05 1.513130757249212138e+03
6.998751690232203095e-05 1.525877313704811968e+03
7.060081946166908934e-05 1.538731119307910376e+03
7.121949640842048350e-05 1.551693073623817554e+03
7.184359483848269310e-05 1.564764083832322285e+03
7.247316226046494740e-05 1.577945064685643501e+03
7.310824659929570355e-05 1.591236938571104020e+03
7.374889619987091917e-05 1.604640635362907005e+03
7.439515983073418683e-05 1.618157090761866812e+03
7.504708668778929984e-05 1.631787247190505695e+03
7.570472639804503234e-05 1.645532054844625009e+03
7.636812902339304172e-05 1.659392471765720074e+03
7.703734506441875800e-05 1.673369463904565009e+03
7.771242546424563945e-05 1.687464006800770221e+03
7.839342161241313336e-05 1.701677090128312557e+03
7.908038534878866722e-05 1.716009713335689867e+03
7.977336896751387359e-05 1.730462884352380343e+03
8.047242522098541453e-05 1.745037619661494318e+03
8.117760732387063608e-05 1.759734944273335486e+03
8.188896895715852705e-05 1.774555884794831400e+03
8.260656427224606342e-05 1.789501464601769385e+03
8.333044789506042637e-05 1.804572714173602208e+03
8.406067493021735122e-05 1.819770672221773111e+03
8.479730096521575665e-05 1.835096385751719936e+03
8.554038207466949410e-05 1.850550911132877218e+03
8.628997482457570272e-05 1.866135328507664326e+03
8.704613627662100288e-05 1.881850739005424657e+03
8.780892399252512176e-05 1.897698253580518440e+03
8.857839603842277776e-05 1.913678992793715679e+03
8.935461098928381015e-05 1.929794086897490160e+03
9.013762793337215019e-05 1.946044672637445274e+03
9.092750647674386429e-05 1.962431877725328832e+03
9.172430674778451294e-05 1.978956832408174932e+03
9.252808940178639484e-05 1.995620675980587748e+03
9.333891562556581156e-05 2.012424556860858729e+03
9.415684714212084071e-05 2.029369632669105613e+03
9.498194621532994293e-05 2.046457073180414227e+03
9.581427565469161946e-05 2.063688064664120702e+03
9.665389882010581141e-05 2.081063804187831920e+03
9.750087962669697322e-05 2.098585498674148312e+03
9.835528254967963312e-05 2.116254364980223727e+03
9.921717262926635957e-05 2.134071630208913120e+03
1.000866154756189738e-04 2.152038538172687822e+03
1.009636772738429404e-04 2.170156350537968137e+03
1.018484247890256419e-04 2.188426340112212074e+03
1.027409253713188196e-04 2.206849790554468655e+03
1.036412469610654004e-04 2.225427996469344635e+03
1.045494580939714793e-04 2.244162260997820340e+03
1.054656279063234198e-04 2.263053875889783285e+03
1.063898261402508415e-04 2.282104131431823589e+03
1.073221231490355520e-04 2.301314327877202686e+03
1.082625899024670989e-04 2.320685775619282140e+03
1.092112979922453222e-04 2.340219795264009917e+03
1.101683196374300829e-04 2.359917725301175324e+03
1.111337276899389270e-04 2.379780942833951030e+03
1.121075956400926848e-04 2.399810843048558127e+03
1.130899976222100487e-04 2.420008833083440550e+03
1.140810084202506833e-04 2.440376332133957931e+03
1.150807034735082488e-04 2.460914771343058874e+03
1.160891588823530267e-04 2.481625579398433729e+03
1.171064514140249209e-04 2.502510172804637932e+03
1.181326585084773747e-04 2.523569977012210074e+03
1.191678582842722054e-04 2.544806428640961258e+03
1.202121295445263989e-04 2.566220975560711850e+03
1.212655517829108921e-04 2.587815078216129677e+03
1.223282051897018436e-04 2.609590227044879612e+03
1.234001706578850041e-04 2.631547938922631147e+03
1.244815297893136455e-04 2.653689743827959774e+03
1.255723649009203894e-04 2.676017184598551466e+03
1.266727590309833394e-04 2.698531817039823636e+03
1.277827959454473866e-04 2.721235206295851640e+03
1.289025601443007281e-04 2.744128909513054623e+03
1.300321368680073565e-04 2.767214488929928848e+03
1.311716121039957397e-04 2.790493519086980996e+03
1.323210725932046365e-04 2.813967586924348325e+03
1.334806058366860512e-04 2.837638291903754634e+03
1.346503001022661102e-04 2.861507255271042141e+03
1.358302444312644327e-04 2.885576133412545005e+03
1.370205286452720746e-04 2.909846599808712199e+03
1.382212433529893746e-04 2.934320341995115541e+03
1.394324799571231065e-04 2.958999061681493004e+03
1.406543306613445090e-04 2.983884474014167608e+03
1.418868884773082214e-04 3.008978284626730783e+03
1.431302472317325569e-04 3.034282186266419103e+03
1.443845015735419556e-04 3.059797883212386296e+03
1.456497469810721045e-04 3.085527092699549485e+03
1.469260797693379135e-04 3.111471545005743337e+03
1.482135970973654871e-04 3.137632987288616732e+03
1.495123969755881991e-04 3.164013213096238815e+03
1.508225782733076028e-04 3.190614047740523802e+03
1.521442407262195288e-04 3.217437331919281860e+03
1.534774849440067256e-04 3.244484921703633518e+03
1.548224124179972303e-04 3.271758688666626767e+03
1.561791255288904744e-04 3.299260513755444663e+03
1.575477275545507730e-04 3.326992270752099103e+03
1.589283226778692812e-04 3.354955843202339111e+03
1.603210159946947167e-04 3.383153129508545135e+03
1.617259135218336596e-04 3.411586043039913875e+03
1.631431222051208123e-04 3.440256512286563066e+03
1.645727499275604082e-04 3.469166483791444080e+03
1.660149055175382578e-04 3.498317924112858691e+03
1.674696987571065168e-04 3.527712815896155917e+03
1.689372403903403094e-04 3.557353157589273906e+03
1.704176421317684037e-04 3.587240963562836441e+03
1.719110166748768803e-04 3.617378263276115831e+03
1.734174777006881256e-04 3.647767088356035401e+03
1.749371398864144728e-04 3.678409475601662962e+03
1.764701189141877917e-04 3.709307477092833324e+03
1.780165314798657576e-04 3.740463160550078555e+03
1.795764953019150182e-04 3.771878609441757362e+03
1.811501291303725854e-04 3.803555929914346052e+03
1.827375527558851537e-04 3.835497282156240544e+03
1.843388870188283251e-04 3.867704856987844323e+03
1.859542538185051698e-04 3.900180863397231406e+03
1.875837761224258043e-04 3.932927528679762872e+03
1.892275779756681761e-04 3.965947098509596799e+03
1.908857845103205159e-04 3.999241814856275141e+03
1.925585219550071106e-04 4.032813884725023399e+03
1.942459176444971268e-04 4.066665523814345761e+03
1.959481000293980828e-04 4.100798964045750836e+03
1.976651986859333731e-04 4.135216453662934327e+03
1.993973443258068284e-04 4.169920258071630997e+03
2.011446688061523027e-04 4.204912679338853195e+03
2.029073051395716241e-04 4.240196058943634853e+03
2.046853875042594435e-04 4.275772757668371014e+03
2.064790512542179375e-04 4.311645154644001195e+03
2.082884329295601436e-04 4.347815647483023895e+03
2.101136702669037461e-04 4.384286653424409451e+03
2.119549022098563950e-04 4.421060617255797297e+03
2.138122689195923697e-04 4.458140007483188128e+03
2.156859117855223205e-04 4.495527312157077176e+03
2.175759734360560897e-04 4.533225038984941420e+03
2.194825977494603455e-04 4.571235715478892416e+03
2.214059298648110032e-04 4.609561878178804363e+03
2.233461161930417325e-04 4.648206044283854681e+03
2.253033044280892581e-04 4.687170740833367745e+03
2.272776435581364549e-04 4.726458513263895838e+03
2.292692838769537533e-04 4.766071925521418962e+03
2.312783769953400466e-04 4.806013560432407758e+03
2.333050758526639698e-04 4.846286035991836798e+03
2.353495347285059533e-04 4.886892015740417264e+03
2.374119092544029516e-04 4.927834185951156542e+03
2.394923564256950057e-04 4.969115253527849745e+03
2.415910346134771624e-04 5.010737946151903998e+03
2.437081035766543657e-04 5.052705011343714432e+03
2.458437244741035763e-04 5.095019202091531952e+03
2.479980598769413293e-04 5.137683280369787099e+03
2.501712737808994141e-04 5.180700028284532891e+03
2.523635316188088933e-04 5.224072248475495144e+03
2.545750002731931379e-04 5.267802764247740924e+03
2.568058480889719663e-04 5.311894417590229750e+03
2.590562448862761009e-04 5.356350059802770375e+03
2.613263619733750863e-04 5.401172558865257088e+03
2.636163721597173685e-04 5.446364803353560092e+03
2.659264497690857327e-04 5.491929702565024854e+03
2.682567706528666911e-04 5.537870186686495799e+03
2.706075122034376154e-04 5.584189218527561934e+03
2.729788533676703118e-04 5.630889809660143328e+03
2.753709746605527745e-04 5.677974998077498640e+03
2.777840581789309607e-04 5.725447844581983190e+03
2.802182876153705318e-04 5.773311432940360646e+03
2.826738482721404054e-04 5.821568868618816850e+03
2.851509270753180628e-04 5.870223242647021834e+03
2.876497125890198109e-04 5.919277627354971628e+03
2.901703950297542097e-04 5.968735113935524168e+03
2.927131662809027849e-04 6.018598814512130957e+03
2.952782199073259654e-04 6.068871862241622694e+03
2.978657511700988011e-04 6.119557416955021836e+03
3.004759570413745610e-04 6.170658707118820530e+03
3.031090362193788698e-04 6.222179008236285881e+03
3.057651891435354667e-04 6.274121620038176843e+03
3.084446180097243453e-04 6.326489866461933161e+03
3.111475267856736839e-04 6.379287095807290825e+03
3.138741212264863794e-04 6.432516666479103151e+03
3.166246088903032995e-04 6.486181910289184088e+03
3.193991991541026559e-04 6.540286170521988424e+03
3.221981032296395114e-04 6.594832812856316195e+03
3.250215341795228171e-04 6.649825225472950478e+03
3.278697069334356195e-04 6.705266819344129544e+03
3.307428383044955624e-04 6.761161039325060301e+03
3.336411470057594258e-04 6.817511370996656296e+03
3.365648536668729477e-04 6.874321325371076455e+03
3.395141808508654949e-04 6.931594437540125000e+03
3.424893530710925653e-04 6.989334266803519313e+03
3.454905968083259583e-04 7.047544396482472621e+03
3.485181405279954084e-04 7.106228429924620286e+03
3.515722146975792418e-04 7.165389991635704064e+03
3.546530518041488282e-04 7.225032730497977354e+03
3.577608863720660123e-04 7.285160319967631949e+03
3.608959549808362917e-04 7.345776458198810360e+03
3.640584962831183366e-04 7.406884862817539215e+03
3.672487510228897973e-04 7.468489247432463344e+03
3.704669620537754705e-04 7.530593339941836348e+03
3.737133743575324590e-04 7.593200891949471043e+03
3.769882350627005627e-04 7.656315678865055816e+03
3.802917934634131325e-04 7.719941500041491963e+03
3.836243010383754868e-04 7.784082189141888193e+03
3.869860114700074774e-04 7.848741628068542923e+03
3.903771806637553517e-04 7.913923727390383647e+03
3.937980667675717228e-04 7.979632423224660670e+03
3.972489301915667868e-04 8.045871677354904932e+03
4.007300336278324729e-04 8.112645476513740505e+03
4.042416420704377325e-04 8.179957811731431320e+03
4.077840228356028858e-04 8.247812676230225406e+03
4.113574455820471153e-04 8.316214086719768602e+03
4.149621823315169118e-04 8.385166084569411396e+03
4.185985074894924387e-04 8.454672735893509525e+03
4.222666978660772892e-04 8.524738132073471206e+03
4.259670326970690338e-04 8.595366393090323982e+03
4.296997936652170095e-04 8.666561665893710597e+03
4.334652649216637734e-04 8.738328122725126377e+03
4.372637331075764533e-04 8.810669961191544644e+03
4.410954873759670219e-04 8.883591404349645018e+03
4.449608194137026846e-04 8.957096699382116640e+03
4.488600234637113158e-04 9.031190114151237140e+03
4.527933963473796124e-04 9.105875940951324083e+03
4.567612374871483547e-04 9.181158497612526844e+03
4.607638489293053720e-04 9.257042127577415158e+03
4.648015353669787599e-04 9.333531199918574202e+03
4.688746041633307300e-04 9.410630106005339258e+03
4.729833653749557221e-04 9.488343257560753045e+03
4.771281317754824019e-04 9.566675091463130229e+03
4.813092188793837161e-04 9.645630070257833722e+03
4.855269449659948438e-04 9.725212682222587318e+03
4.897816311037411037e-04 9.805427438436800003e+03
4.940736011745799905e-04 9.886278834431454015e+03
4.984031818986552282e-04 9.967771360022334193e+03
5.027707028591683674e-04 1.004990952784227375e+04
5.071764965274678204e-04 1.013269787401027679e+04
5.116208982883572835e-04 1.021614095813995664e+04
5.161042464656272893e-04 1.030024337018926053e+04
5.206268823478091279e-04 1.038500976010371596e+04
5.251891502141547161e-04 1.047044481472807274e+04
5.297913973608450169e-04 1.055655324626987021e+04
5.344339741274265745e-04 1.064333979232799720e+04
5.391172339234814783e-04 1.073080921590905746e+04
5.438415332555298883e-04 1.081896630146106872e+04
5.486072317541688080e-04 1.090781584964870490e+04
5.534146922014469968e-04 1.099736268495671902e+04
5.582642805584835024e-04 1.108761165693070507e+04
5.631563659933247175e-04 1.117856764019425827e+04
5.680913209090470090e-04 1.127023553291670578e+04
5.730695209721041591e-04 1.136262021928215108e+04
5.780913451409268843e-04 1.145572656604037002e+04
5.831571756947687927e-04 1.154955946039947776e+04
5.882673982628069129e-04 1.164412381187816391e+04
5.934224018534979854e-04 1.173942455225625781e+04
5.986225788841899754e-04 1.183546663650602750e+04
6.038683252109955293e-04 1.193225504988797366e+04
6.091600401589255306e-04 1.202979480405269533e+04
6.144981265522867679e-04 1.212809093315163045e+04
6.198829907453466421e-04 1.222714849375652193e+04
6.253150426532663210e-04 1.232697256480215401e+04
6.307946957833050544e-04 1.242756824292827332e+04
6.363223672662978152e-04 1.252894063114045093e+04
6.418984778884087626e-04 1.263109485059681538e+04
6.475234521231622601e-04 1.273403604377642296e+04
6.531977181637565457e-04 1.283776937439324320e+04
6.589217079556587524e-04 1.294230002691256414e+04
6.646958572294865914e-04 1.304763318432994129e+04
6.705206055341759400e-04 1.315377401544426903e+04
6.763963962704435491e-04 1.326072770513918113e+04
6.823236767245386900e-04 1.336849945704780839e+04
6.883028981022919820e-04 1.347709449340867468e+04
6.943345155634644350e-04 1.358651805379568759e+04
7.004189882563930216e-04 1.369677538085115884e+04
7.065567793529457883e-04 1.380787172388191721e+04
7.127483560837782678e-04 1.391981234905416386e+04
7.189941897739017063e-04 1.403260253944483338e+04
7.252947558785602898e-04 1.414624759485793038e+04
7.316505340194269080e-04 1.426075282829627577e+04
7.380620080211120360e-04 1.437612355157554339e+04
7.445296659479954922e-04 1.449236508631958532e+04
7.510540001413772756e-04 1.460948276922763944e+04
7.576355072569589772e-04 1.472748195185441364e+04
7.642746883026503438e-04 1.484636800038391630e+04
7.709720486767060888e-04 1.496614629552060796e+04
7.777280982062014089e-04 1.508682223241015708e+04
7.845433511858388321e-04 1.520840122016830901e+04
7.914183264171006016e-04 1.533088868159924277e+04
7.983535472477407396e-04 1.545429005294474700e+04
8.053495416116243817e-04 1.557861077940741598e+04
8.124068420689147061e-04 1.570385621501018977e+04
8.195259858466158063e-04 1.583003161461763921e+04
8.267075148794661953e-04 1.595714223342001242e+04
8.339519758511939988e-04 1.608519333140208255e+04
8.412599202361321048e-04 1.621419017292885837e+04
8.486319043411973866e-04 1.634413804232578332e+04
8.560684893482407246e-04 1.647504235777438225e+04
8.635702413567654390e-04 1.660690860833554689e+04
8.711377314270195554e-04 1.673974229291602751e+04
8.787715356234681923e-04 1.687354891954590494e+04
8.864722350586458528e-04 1.700833400503800294e+04
8.942404159373923064e-04 1.714410301474545486e+04
9.020766696014768330e-04 1.728086121839536645e+04
9.099815925746119116e-04 1.741861384265374363e+04
9.179557866078651368e-04 1.755736611171381810e+04
9.259998587254652429e-04 1.769712324676002390e+04
9.341144212710108001e-04 1.783789046591958686e+04
9.423000919540852702e-04 1.797967301061180478e+04
9.505574938972769037e-04 1.812247615977099849e+04
9.588872556836158367e-04 1.826630519272168021e+04
9.672900114044222101e-04 1.841116538533849234e+04
9.757664007075766933e-04 1.855706200950460698e+04
9.843170688462110282e-04 1.870400033249956687e+04
9.929426667278288925e-04 1.885198561566279022e+04
1.001643850963854264e-03 1.900102311404594366e+04
1.010421283919615961e-03 1.915111807640594998e+04
1.019275633764767921e-03 1.930227574463706696e+04
1.028207574524153027e-03 1.945450135318257526e+04
1.037217786129113846e-03 1.960780010609062811e+04
1.046306954469248965e-03 1.976217708321781538e+04
1.055475771444627960e-03 1.991763731403771453e+04
1.064724935018458024e-03 2.007418581256565813e+04
1.074055149270219207e-03 2.023182757664982273e+04
1.083467124449259125e-03 2.039056758709239512e+04
1.092961577028860173e-03 2.055041077791091084e+04
1.102539229760780099e-03 2.071136199935589320e+04
1.112200811730269410e-03 2.087342607095221683e+04
1.121947058411574280e-03 2.103660778903629398e+04
1.131778711723922153e-03 2.120091192592489460e+04
1.141696520087998696e-03 2.136634322973997769e+04
1.151701238482920895e-03 2.153290643895701214e+04
1.161793628503708870e-03 2.170060628249995352e+04
1.171974458419261424e-03 2.186944746364261664e+04
1.182244503230839641e-03 2.203943465842228397e+04
1.192604544731060492e-03 2.221057251476922465e+04
1.203055371563412383e-03 2.238286563437446239e+04
1.213597779282288942e-03 2.255631845086039903e+04
1.224232570413548871e-03 2.273093529628759279e+04
1.234960554515607484e-03 2.290672046370515091e+04
1.245782548241061889e-03 2.308367820651149304e+04
1.256699375398860011e-03 2.326181273741496625e+04
1.267711867017009978e-03 2.344112823410894634e+04
1.278820861405842229e-03 2.362162885401213134e+04
1.290027204221821759e-03 2.380331871618878358e+04
1.301331748531927169e-03 2.398620189580122315e+04
1.312735354878585706e-03 2.417028242303636216e+04
1.324238891345181626e-03 2.435556428085079096e+04
1.335843233622139832e-03 2.454205134266691311e+04
1.347549265073581760e-03 2.472974733895155077e+04
1.359357876804574749e-03 2.491865593847458513e+04
1.371269967728965802e-03 2.510878075440058456e+04
1.383286444637808190e-03 2.530012534307574242e+04
1.395408222268388482e-03 2.549269320251377576e+04
1.407636223373864414e-03 2.568648776764628565e+04
1.419971378793504066e-03 2.588151241009923615e+04
1.432414627523546490e-03 2.607777043946913545e+04
1.444966916788679263e-03 2.627526510211015921e+04
1.457629202114148767e-03 2.647399957986100708e+04
1.470402447398493464e-03 2.667397694797213990e+04
1.483287624986923126e-03 2.687520000700358651e+04
1.496285715745336023e-03 2.707767141652393911e+04
1.509397709134982718e-03 2.728139375682748141e+04
1.522624603287792968e-03 2.748636952748896510e+04
1.535967405082354223e-03 2.769260114601269743e+04
1.549427130220558434e-03 2.790009096965462959e+04
1.563004803304921062e-03 2.810884132228785893e+04
1.576701457916578151e-03 2.831885445007297676e+04
1.590518136693966876e-03 2.853013251345289609e+04
1.604455891412193266e-03 2.874267758566863995e+04
1.618515783063099013e-03 2.895649165070148592e+04
1.632698881936024780e-03 2.917157658908716985e+04
1.647006267699287771e-03 2.938793417581913309e+04
1.661439029482369035e-03 2.960556609125623072e+04
1.675998265958822181e-03 2.982447392016167942e+04
1.690685085429904835e-03 3.004465915015817518e+04
1.705500605908952120e-03 3.026612312825689514e+04
1.720445955206480887e-03 3.048886677105001581e+04
1.735522271016042483e-03 3.071289072696009316e+04
1.750730701000827736e-03 3.093819552447468595e+04
1.766072402881032830e-03 3.116478157121977347e+04
1.781548544521988683e-03 3.139264915216441659e+04
1.797160304023061620e-03 3.162179848237337137e+04
1.812908869807337061e-03 3.185222983057041711e+04
1.828795440712082309e-03 3.208394338052186868e+04
1.844821226080011227e-03 3.231693919397838181e+04
1.860987445851341451e-03 3.255121720894672762e+04
1.877295330656660651e-03 3.278677723526935006e+04
1.893746121910604629e-03 3.302361881738572265e+04
1.910341071906362887e-03 3.326174116402887739e+04
1.927081443911003418e-03 3.350114332714975899e+04
1.943968512261639485e-03 3.374182421569377038e+04
1.961003562462436661e-03 3.398378259370756132e+04
1.978187891282465975e-03 3.422701707501688361e+04
1.995522806854425728e-03 3.447152608086726104e+04
2.013009628774215919e-03 3.471730785025950900e+04
2.030649688201393264e-03 3.496436046687819908e+04
2.048444327960499429e-03 3.521268185774263111e+04
2.066394902643288716e-03 3.546226979127732193e+04
2.084502778711838731e-03 3.571312184412172064e+04
2.102769334602573505e-03 3.596523527386582282e+04
2.121195960831193019e-03 3.621860712003595108e+04
2.139784060098524291e-03 3.647323424912354676e+04
2.158535047397301850e-03 3.672911335259116458e+04
2.177450350119881049e-03 3.698624094443030481e+04
2.196531408166897247e-03 3.724461328272637184e+04
2.215779674056870402e-03 3.750422627717562136e+04
2.235196613036786323e-03 3.776507562628469168e+04
2.254783703193628981e-03 3.802715683609434200e+04
2.274542435566899445e-03 3.829046521810919512e+04
2.294474314262117537e-03 3.855499588563639554e+04
2.314580856565325723e-03 3.882074371660843462e+04
2.334863593058583101e-03 3.908770335049126152e+04
2.355324067736482441e-03 3.935586922035206226e+04
2.375963838123687673e-03 3.962523555235181993e+04
2.396784475393487924e-03 3.989579636370472872e+04
2.417787564487413644e-03 4.016754543140277383e+04
2.438974704235878817e-03 4.044047609297392046e+04
2.460347507479896095e-03 4.071458135891606071e+04
2.481907601193843182e-03 4.098985401232018921e+04
2.503656626609325128e-03 4.126628660734375444e+04
2.525596239340102168e-03 4.154387146713124093e+04
2.547728109508125630e-03 4.182260063971307682e+04
2.570053921870672775e-03 4.210246580153753166e+04
2.592575375948591009e-03 4.238345836003348813e+04
2.615294186155681794e-03 4.266556947801861679e+04
2.638212081929198691e-03 4.294879007167334203e+04
2.661330807861506369e-03 4.323311080724193016e+04
2.684652123832876290e-03 4.351852203596667823e+04
2.708177805145460700e-03 4.380501376165448164e+04
2.731909642658436697e-03 4.409257572213876119e+04
2.755849442924329044e-03 4.438119739441043930e+04
2.779999028326530369e-03 4.467086799269467156e+04
2.804360237218031775e-03 4.496157644230184087e+04
2.828934924061362547e-03 4.525331109739823296e+04
2.853724959569759346e-03 4.554605982783171203e+04
2.878732230849570528e-03 4.583981021540702932e+04
2.903958641543907728e-03 4.613454955586652068e+04
2.929406111977563790e-03 4.643026485704439983e+04
2.955076579303189243e-03 4.672694284091190639e+04
2.980971997648758972e-03 4.702456995696703962e+04
3.007094338266320856e-03 4.732313236785464687e+04
3.033445589682064961e-03 4.762261594204428548e+04
3.060027757847689003e-03 4.792300625218694040e+04
3.086842866293103022e-03 4.822428857260478981e+04
3.113892956280465019e-03 4.852644772679124435e+04
3.141180086959566645e-03 4.882946791232394753e+04
3.168706335524592351e-03 4.913333297206855786e+04
3.196473797372234235e-03 4.943802643260608602e+04
3.224484586261205498e-03 4.974353150279156398e+04
3.252740834473141687e-03 5.004983106106043851e+04
3.281244692974926141e-03 5.035690741221940698e+04
3.309998331582422303e-03 5.066474228321843839e+04
3.339003939125654088e-03 5.097331705493279151e+04
3.368263723615417399e-03 5.128261277123066247e+04
3.397779912411373528e-03 5.159261013780907524e+04
3.427554752391597567e-03 5.190328951740826597e+04
3.457590510123618663e-03 5.221463090439464577e+04
3.487889472036962996e-03 5.252661393827886059e+04
3.518453944597195980e-03 5.283921791529554321e+04
3.549286254481511405e-03 5.315242178765326389e+04
3.580388748755838034e-03 5.346620416266623943e+04
3.611763795053509179e-03 5.378054300278233131e+04
3.643413781755492232e-03 5.409541496866642410e+04
3.675341118172205032e-03 5.441079615784952330e+04
3.707548234726925577e-03 5.472666228726720146e+04
3.740037583140789438e-03 5.504298869279861538e+04
3.772811636619433865e-03 5.535975034502529888e+04
3.805872890041275998e-03 5.567692260863719275e+04
3.839223860147410877e-03 5.599448159111540735e+04
3.872867085733206882e-03 5.631240314592668437e+04
3.906805127841576041e-03 5.663066278993803280e+04
3.941040569957908815e-03 5.694923570366372587e+04
3.975576018206760515e-03 5.726809624675712257e+04
4.010414101550223431e-03 5.758721247361235874e+04
4.045557471988051046e-03 5.790654795108710823e+04
4.081008804759561626e-03 5.822606560586281557e+04
4.116770798547252259e-03 5.854572779726216686e+04
4.152846175682264711e-03 5.886549631790829153e+04
4.189237682351593800e-03 5.918533771382040140e+04
4.225948088807147604e-03 5.950524374806126434e+04
4.262980189576638657e-03 5.982521401938075724e+04
4.300336803676294874e-03 6.014524839854480524e+04
4.338020774825460460e-03 6.046534702849601308e+04
4.376034971663081592e-03 6.078551003314751142e+04
4.414382287966055196e-03 6.110569191007623886e+04
4.453065642869536225e-03 6.142575068062904029e+04
4.492087981089137524e-03 6.174552969859584118e+04
4.531452273145089929e-03 6.206486939031786460e+04
4.571161515588392094e-03 6.238360726524336496e+04
4.611218731228884128e-03 6.270159103941518697e+04
4.651626969365390760e-03 6.301895208987301157e+04
4.692389306017814322e-03 6.333610361444244336e+04
4.733508844161305948e-03 6.365347901863021252e+04
4.774988713962485462e-03 6.397152065887190838e+04
4.816832073017696982e-03 6.429067987459459982e+04
4.859042106593391280e-03 6.461131473008437752e+04
4.901622027868611509e-03 6.493302718227533478e+04
4.944575078179555376e-03 6.525506613225876208e+04
4.987904527266362985e-03 6.557666393045622681e+04
5.031613673521982862e-03 6.589703801524241862e+04
5.075705844243274048e-03 6.621539113682940661e+04
5.120184395884303484e-03 6.653116852007654961e+04
5.165052714311818734e-03 6.684460768946414464e+04
5.210314215063031364e-03 6.715610762940590212e+04
5.255972343605588674e-03 6.746607573492363736e+04
5.302030575599863023e-03 6.777492770394867694e+04
5.348492417163554398e-03 6.808308232149016112e+04
5.395361405138546403e-03 6.839072767604868568e+04
5.442641107360187379e-03 6.869771974555912311e+04
5.490335122928853562e-03 6.900388706409516453e+04
5.538447082483935642e-03 6.930905547152367944e+04
5.586980648480230523e-03 6.961304813648910203e+04
5.635939515466720923e-03 6.991569337526829622e+04
5.685327410367816553e-03 7.021691092496800411e+04
5.735148092767095897e-03 7.051668194847747509e+04
5.785405355193439306e-03 7.081498894533395651e+04
5.836103023409793672e-03 7.111181466428174463e+04
5.887244956704352702e-03 7.140714210549408745e+04
5.938835048184363564e-03 7.170094788473531662e+04
5.990877225072493116e-03 7.199317725542554399e+04
6.043375449005748516e-03 7.228376577289495617e+04
6.096333716337097933e-03 7.257264849443318963e+04
6.149756058439640426e-03 7.285975999381787551e+04
6.203646542013514960e-03 7.314503439558857644e+04
6.258009269395480023e-03 7.342840842653150321e+04
6.312848378871167322e-03 7.370982470443763305e+04
6.368168044990124045e-03 7.398922633498234791e+04
6.423972478883606396e-03 7.426655616380898573e+04
6.480265928585111392e-03 7.454175678947071719e+04
6.537052679353791765e-03 7.481477047648849839e+04
6.594337054000626482e-03 7.508553713184138178e+04
6.652123413217510793e-03 7.535399437497681356e+04
6.710416155909222462e-03 7.562007949052513868e+04
6.769219719528238137e-03 7.588372952534191427e+04
6.828538580412580293e-03 7.614488130474943318e+04
6.888377254126523859e-03 7.640347122612458770e+04
6.948740295804366369e-03 7.665943386147219280e+04
7.009632300497185310e-03 7.691270286024246889e+04
7.071057903522599136e-03 7.716321168236232188e+04
7.133021780817662937e-03 7.741089362049732881e+04
7.195528649294786853e-03 7.765568181937375630e+04
7.258583267200809964e-03 7.789750913000217406e+04
7.322190434479240902e-03 7.813630778517370345e+04
7.386354993135613167e-03 7.837200982517539524e+04
7.451081827606080045e-03 7.860454721504052577e+04
7.516375865129272527e-03 7.883385186622416950e+04
7.582242076121319639e-03 7.905985559306555660e+04
7.648685474554277504e-03 7.928248724888669676e+04
7.715711118337752021e-03 7.950167157761409180e+04
7.783324109703955440e-03 7.971733298341513728e+04
7.851529595596123956e-03 7.992939585460748640e+04
7.920332768060270312e-03 8.013778459107525123e+04
7.989738864640483912e-03 8.034242431754359859e+04
8.059753168777571142e-03 8.054324832925765077e+04
8.130381010211283968e-03 8.074019539181816799e+04
8.201627765386047472e-03 8.093320461947610602e+04
8.273498857860203670e-03 8.112221540791170264e+04
8.345999758718880904e-03 8.130716745704492496e+04
8.419135986990504417e-03 8.148799105550849345e+04
8.492913110066868318e-03 8.166457130758331914e+04
8.567336744127010059e-03 8.183677998019446386e+04
8.642412554564668850e-03 8.200448869434524386e+04
8.718146256419598630e-03 8.216756898866326082e+04
8.794543614812619370e-03 8.232589292544021737e+04
8.871610445384436189e-03 8.247940863564914616e+04
8.949352614738411912e-03 8.262821871190583624e+04
9.027776040887088363e-03 8.277244605988255353e+04
9.106886693702720068e-03 8.291221540405575070e+04
9.186690595371737114e-03 8.304765321308285638e+04
9.267193820853140626e-03 8.317886491401452804e+04
9.348402498340960959e-03 8.330548505106082303e+04
9.430322809730789027e-03 8.342670043532432464e+04
9.512960991090306170e-03 8.354167676909638976e+04
9.596323333134062356e-03 8.364957658111074124e+04
9.680416181702289347e-03 8.374955988349109248e+04
9.765245938243989968e-03 8.384095342848899600e+04
9.850819060304273969e-03 8.392429622522609134e+04
9.937142062015864169e-03 8.400066285147865710e+04
1.002422151459503655e-02 8.407113605468503374e+04
1.011206404684179827e-02 8.413680368594540050e+04
1.020067634564451875e-02 8.419875773412616400e+04
1.029006515648897557e-02 8.425768372423842084e+04
1.038023728397179622e-02 8.431303185784851667e+04
1.047119959231850896e-02 8.436401891593968321e+04
1.056295900590601897e-02 8.440986040699777368e+04
1.065552250978973534e-02 8.444977100673248060e+04
1.074889715023532970e-02 8.448297345278672583e+04
1.084309003525507284e-02 8.450905533559847390e+04
1.093810833514894179e-02 8.452810282868449576e+04
1.103395928305047832e-02 8.454023969461681554e+04
1.113065017547733987e-02 8.454559148586346419e+04
1.122818837288680829e-02 8.454428544189089735e+04
1.132658130023602924e-02 8.453643819973575592e+04
1.142583644754725271e-02 8.452202688981837127e+04
1.152596137047803664e-02 8.450093955151233240e+04
1.162696369089632857e-02 8.447306440700737585e+04
1.172885109746076363e-02 8.443829144972228096e+04
1.183163134620587517e-02 8.439651253613905283e+04
1.193531226113254268e-02 8.434763149734309991e+04
1.203990173480361595e-02 8.429160011744915391e+04
1.214540772894465333e-02 8.422838530274700315e+04
1.225183827505005145e-02 8.415795593124162406e+04
1.235920147499442942e-02 8.408028288507206889e+04
1.246750550164933170e-02 8.399533898862509523e+04
1.257675859950543699e-02 8.390308657686001970e+04
1.268696908530009618e-02 8.380346515894024924e+04
1.279814534865046476e-02 8.369641361747504561e+04
1.291029585269217600e-02 8.358187324365595123e+04
1.302342913472351142e-02 8.345978780227873358e+04
1.313755380685537912e-02 8.333010496394032089e+04
1.325267855666682933e-02 8.319280271962884581e+04
1.336881214786639349e-02 8.304788730206046603e+04
1.348596342095927797e-02 8.289536823184075183e+04
1.360414129392021991e-02 8.273525733928456611e+04
1.372335476287247710e-02 8.256756877275460283e+04
1.384361290277253895e-02 8.239231502616617945e+04
1.396492486810100436e-02 8.220948286673281109e+04
1.408729989355946011e-02 8.201904960785714502e+04
1.421074729477342195e-02 8.182099530044388666e+04
1.433527646900147577e-02 8.161530282379902201e+04
1.446089689585069483e-02 8.140195793223146757e+04
1.458761813799815295e-02 8.118095579434794490e+04
1.471544984191898789e-02 8.095231372075623949e+04
1.484440173862062312e-02 8.071605525479282369e+04
1.497448364438358145e-02 8.047220659046412038e+04
1.510570546150875187e-02 8.022079657906101784e+04
1.523807717907111822e-02 7.996185679105168674e+04
1.537160887368025156e-02 7.969542384962334472e+04
1.550631071024730252e-02 7.942154021484090481e+04
1.564219294275881120e-02 7.914025115852916497e+04
1.577926591505733958e-02 7.885160452964702563e+04
1.591754006162877932e-02 7.855565074604342226e+04
1.605702590839671456e-02 7.825244357786481851e+04
1.619773407352373060e-02 7.794204830886828131e+04
1.633967526821962155e-02 7.762453827098925831e+04
1.648286029755685611e-02 7.729998914301479817e+04
1.662730006129301691e-02 7.696847882920822303e+04
1.677300555470056381e-02 7.663008742806456576e+04
1.691998786940387273e-02 7.628489997618520283e+04
1.706825819422349080e-02 7.593301607550315384e+04
1.721782781602795506e-02 7.557454064083338017e+04
1.736870812059291072e-02 7.520958027361410495e+04
1.752091059346786231e-02 7.483824320866542985e+04
1.767444682085055757e-02 7.446063931931233674e+04
1.782932849046885149e-02 7.407688738686095166e+04
1.798556739247055003e-02 7.368712193709604617e+04
1.814317542032080691e-02 7.329148011056373070e+04
1.830216457170753819e-02 7.289009988065353537e+04
1.846254694945477504e-02 7.248311997963135946e+04
1.862433476244390249e-02 7.207068072972618393e+04
1.878754032654305142e-02 7.165294090708773001e+04
1.895217606554471662e-02 7.123007570910884533e+04
1.911825451211134758e-02 7.080226055531612656e+04
1.928578830872955049e-02 7.036967037440073909e+04
1.945479020867232900e-02 6.993247951115170144e+04
1.962527307696997417e-02 6.949086354279094667e+04
1.979724989138945471e-02 6.904501042968763795e+04
1.997073374342219973e-02 6.859511246384547849e+04
2.014573783928080494e-02 6.814136047418584349e+04
2.032227550090423204e-02 6.768394371347036213e+04
2.050036016697196276e-02 6.722304977969896572e+04
2.068000539392704853e-02 6.675887622186909721e+04
2.086122485700798307e-02 6.629165244579348655e+04
2.104403235128975494e-02 6.582161079724026786e+04
2.122844179273402840e-02 6.534898014392163896e+04
2.141446721924834470e-02 6.487398578640132473e+04
2.160212279175492689e-02 6.439684974529634928e+04
2.179142279526845652e-02 6.391780531719341525e+04
2.198238163998363082e-02 6.343710133354454592e+04
2.217501386237211505e-02 6.295498305535795953e+04
2.236933412628902204e-02 6.247169071001320845e+04
2.256535722408930730e-02 6.198745943528708449e+04
2.276309807775367747e-02 6.150252146371636627e+04
2.296257174002459128e-02 6.101712849918234133e+04
2.316379339555214162e-02 6.053154152971294388e+04
2.336677836204989825e-02 6.004601519294371246e+04
2.357154209146096469e-02 5.956079752021979220e+04
2.377810017113432192e-02 5.907612993198064214e+04
2.398646832501124052e-02 5.859225327605952043e+04
2.419666241482239938e-02 5.810942824682815990e+04
2.440869844129522209e-02 5.762791523801076255e+04
2.462259254537193034e-02 5.714796679046795907e+04
2.483836100943834918e-02 5.666982764523145306e+04
2.505602025856321774e-02 5.619373488733403065e+04
2.527558686174869590e-02 5.571992743593658815e+04
2.549707753319149436e-02 5.524865455996343371e+04
2.572050913355531515e-02 5.478015917865353549e+04
2.594589867125437002e-02 5.431467583402097807e+04
2.617326330374800808e-02 5.385243081889685709e+04
2.640262033884694520e-02 5.339364287674131629e+04
2.663398723603067203e-02 5.293853359490344883e+04
2.686738160777657480e-02 5.248732610493513494e+04
2.710282122090074131e-02 5.204023553102985898e+04
2.734032399791029577e-02 5.159746881582412607e+04
2.757990801836778666e-02 5.115922491682021064e+04
2.782159152026754748e-02 5.072569459831182758e+04
2.806539290142386067e-02 5.029705826771746797e+04
2.831133072087168093e-02 4.987348792313024751e+04
2.855942370027921354e-02 4.945514857278166164e+04
2.880969072537316322e-02 4.904219846283506922e+04
2.906215084737647988e-02 4.863478930068269256e+04
2.931682328445837579e-02 4.823306146669926966e+04
2.957372742319754402e-02 4.783713505964151409e+04
2.983288282005772118e-02 4.744712242275963945e+04
3.009430920287648262e-02 4.706313100132394175e+04
3.035802647236706189e-02 4.668526355845729267e+04
3.062405470363313564e-02 4.631361778436013992e+04
3.089241414769704902e-02 4.594826320514158579e+04
3.116312523304152690e-02 4.558923494904738618e+04
3.143620856716452389e-02 4.523656393783619569e+04
3.171168493814819495e-02 4.489027918539746315e+04
3.198957531624116446e-02 4.455040793489718635e+04
3.226990085545491244e-02 4.421697199814552732e+04
3.255268289517420505e-02 4.388995047661542048e+04
3.283794296178130234e-02 4.356929708304921951e+04
3.312570277029489030e-02 4.325496590593997098e+04
3.341598422602286289e-02 4.294691182145657513e+04
3.370880942622995341e-02 4.264509052206794877e+04
3.400420066181990275e-02 4.234943417385537032e+04
3.430218041903217163e-02 4.205977033599129936e+04
3.460277138115386980e-02 4.177590206990807201e+04
3.490599643024628468e-02 4.149763744693978515e+04
3.521187864888686986e-02 4.122478936324655660e+04
3.552044132192641590e-02 4.095717556613498891e+04
3.583170793826142425e-02 4.069464146993440227e+04
3.614570219262225326e-02 4.043708026947787585e+04
3.646244798737692527e-02 4.018439258513947425e+04
3.678196943435047689e-02 3.993648133482095000e+04
3.710429085666062943e-02 3.969325166970748251e+04
3.742943679056921769e-02 3.945460121324119973e+04
3.775743198734996670e-02 3.922024664520080114e+04
3.808830141517283857e-02 3.898974801679021766e+04
3.842207026100441514e-02 3.876266975866183202e+04
3.875876393252550289e-02 3.853858617645512277e+04
3.909840806006503050e-02 3.831708112101771985e+04
3.944102849855119636e-02 3.809773393513503106e+04
3.978665132947977606e-02 3.788004092869059241e+04
4.013530286289929833e-02 3.766347168618020805e+04
4.048700963941399833e-02 3.744750760597999033e+04
4.084179843220425016e-02 3.723164190415482881e+04
4.119969624906442279e-02 3.701537956491514342e+04
4.156073033445908949e-02 3.679823674089200358e+04
4.192492817159668844e-02 3.657973972023774695e+04
4.229231748452181444e-02 3.635942655426871352e+04
4.266292624022572505e-02 3.613684757544704189e+04
4.303678265077506837e-02 3.591156565734918695e+04
4.341391517545974132e-02 3.568315660866590770e+04
4.379435252295910824e-02 3.545121255019467935e+04
4.417812365352746101e-02 3.521534312573052739e+04
4.456525778119874159e-02 3.497517212492274848e+04
4.495578437601017996e-02 3.473033769641858817e+04
4.534973316624572176e-02 3.448049286532994302e+04
4.574713414069924572e-02 3.422530970364911627e+04
4.614801755095709890e-02 3.396451489324854629e+04
4.655241391370127518e-02 3.369787379444269754e+04
4.696035401303218920e-02 3.342516714504774427e+04
4.737186890281217672e-02 3.314619122319082089e+04
4.778698990902957577e-02 3.286075835239505977e+04
4.820574863218303474e-02 3.256872038760577925e+04
4.862817694968743498e-02 3.227004376447238610e+04
4.905430701830023471e-02 3.196473414517816127e+04
4.948417127656939973e-02 3.165280930034223275e+04
4.991780244730296967e-02 3.133429925167639158e+04
5.035523354005964208e-02 3.100924669617108520e+04
5.079649785366202597e-02 3.067773940553941429e+04
5.124162897873106581e-02 3.033993707110737887e+04
5.169066080024326687e-02 2.999601436831721367e+04
5.214362750011026365e-02 2.964615381952893586e+04
5.260056355978059983e-02 2.929054560043381207e+04
5.306150376286469794e-02 2.892939407937286887e+04
5.352648319778290087e-02 2.856303448778518577e+04
5.399553726043612722e-02 2.819191041375455461e+04
5.446870165690075039e-02 2.781646304581620279e+04
5.494601240614639670e-02 2.743712667217045964e+04
5.542750584277786330e-02 2.705432809225775418e+04
5.591321861980128732e-02 2.666851591483753145e+04
5.640318771141390047e-02 2.628032380871786154e+04
5.689745041581906887e-02 2.589044150441869715e+04
5.739604435806516802e-02 2.549953129145324783e+04
5.789900749290998599e-02 2.510822733127298852e+04
5.840637810770998167e-02 2.471713545188234639e+04
5.891819482533471042e-02 2.432690580227485407e+04
5.943449660710695137e-02 2.393835632711559447e+04
5.995532275576881398e-02 2.355229326786661477e+04
6.048071291847322700e-02 2.316947507603660051e+04
6.101070708980244062e-02 2.279061324923881330e+04
6.154534561481216776e-02 2.241637981441392549e+04
6.208466919210296059e-02 2.204752950813821371e+04
6.262871887691853767e-02 2.168488188979226106e+04
6.317753608427061074e-02 2.132920324274375525e+04
6.373116259209202217e-02 2.098120454511473508e+04
6.428964054441667353e-02 2.064154434732258596e+04
6.485301245458771624e-02 2.031083185785341266e+04
6.542132120849418475e-02 1.998960995789025037e+04
6.599461006783505224e-02 1.967827273562072151e+04
6.657292267341304026e-02 1.937714740915940274e+04
6.715630304845623955e-02 1.908653480781388862e+04
6.774479560196952632e-02 1.880671216410632042e+04
6.833844513211530247e-02 1.853793589444008467e+04
6.893729682962330962e-02 1.828042711844275254e+04
6.954139628123093275e-02 1.803417155758581430e+04
7.015078947315360469e-02 1.779900245140196421e+04
7.076552279458496464e-02 1.757475881452857357e+04
7.138564304122872739e-02 1.736128898207721795e+04
7.201119741886047310e-02 1.715845091028005481e+04
7.264223354692124490e-02 1.696607933272130322e+04
7.327879946214285733e-02 1.678367881854941515e+04
7.392094362220404113e-02 1.661057868191763191e+04
7.456871490941974212e-02 1.644613755402210154e+04
7.522216263446185325e-02 1.628974341646650828e+04
7.588133654011305906e-02 1.614081112028105599e+04
7.654628680505357052e-02 1.599871573599589101e+04
7.721706404768062526e-02 1.586263732993187296e+04
7.789371932996187742e-02 1.573173901302911145e+04
7.857630416132262152e-02 1.560521275728620094e+04
7.926487050256637856e-02 1.548227712656830045e+04
7.995947076983098145e-02 1.536216182865671544e+04
8.066015783857805044e-02 1.524396460482512521e+04
8.136698504761842587e-02 1.512671133705612920e+04
8.208000620317258689e-02 1.500945580663782494e+04
8.279927558296613921e-02 1.489128106610283248e+04
8.352484794036223181e-02 1.477129951632351185e+04
8.425677850852901496e-02 1.464864993053489889e+04
8.499512300464445724e-02 1.452249923409088478e+04
8.573993763413788327e-02 1.439204799522842768e+04
8.649127909496814870e-02 1.425653283412534620e+04
8.724920458193997919e-02 1.411524032820400498e+04
8.801377179105786264e-02 1.396765926091731853e+04
8.878503892391780006e-02 1.381343566499288136e+04
8.956306469213820565e-02 1.365225296659830201e+04
9.034790832182887366e-02 1.348383104913795796e+04
9.113962955809962185e-02 1.330799972115339006e+04
9.193828866960859769e-02 1.312501652667221788e+04
9.274394645314948393e-02 1.293528753320543547e+04
9.355666423828036538e-02 1.273922559494067718e+04
9.437650389199161993e-02 1.253725351306630546e+04
9.520352782341591491e-02 1.233002730765868364e+04
9.603779898857899011e-02 1.211851473353389520e+04
9.687938089519174123e-02 1.190366947930842616e+04
9.772833760748525500e-02 1.168640178063774692e+04
9.858473375108693648e-02 1.146763662387557815e+04
9.944863451794039300e-02 1.124848241361091095e+04
1.003201056712682976e-01 1.103003384774119149e+04
1.011992135505780932e-01 1.081331008633362217e+04
1.020860250767120503e-01 1.059927414028427120e+04
1.029806077569419692e-01 1.038894685948248662e+04
1.038830296901074313e-01 1.018332450386294840e+04
1.047933595718003319e-01 9.983321055447329854e+03
1.057116666995937260e-01 9.789764417442134800e+03
1.066380209783172328e-01 9.603338321662149610e+03
1.075724929253786682e-01 9.424630811518332848e+03
1.085151536761315566e-01 9.254179614833044980e+03
1.094660749892908264e-01 9.092442148093283322e+03
1.104253292523947605e-01 8.939607819094318984e+03
1.113929894873156162e-01 8.795760987633899276e+03
1.123691293558187337e-01 8.660981810060371572e+03
1.133538231651691763e-01 8.535229296856190558e+03
1.143471458737886776e-01 8.418072653125147554e+03
1.153491730969619655e-01 8.309029393161868938e+03
1.163599811125922562e-01 8.207642949524661162e+03
1.173796468670085524e-01 8.113224970684863365e+03
1.184082479808223898e-01 8.024786071755804187e+03
1.194458627548368040e-01 7.941362514464141896e+03
1.204925701760073686e-01 7.862005267999886200e+03
1.215484499234540522e-01 7.785623535762422762e+03
1.226135823745276437e-01 7.711098894410648427e+03
1.236880486109275118e-01 7.637355618650517499e+03
1.247719304248742916e-01 7.563378691706983773e+03
1.258653103253363770e-01 7.488218043217750164e+03
1.269682715443102017e-01 7.410964459068169162e+03
1.280808980431568100e-01 7.330803916736756946e+03
1.292032745189928000e-01 7.247140754273503262e+03
1.303354864111378741e-01 7.159452140380627498e+03
1.314776199076192198e-01 7.067286770175157471e+03
1.326297619517317894e-01 6.970463304217721998e+03
1.337920002486570337e-01 6.868926907808940086e+03
1.349644232721397274e-01 6.762674275877202490e+03
1.361471202712219719e-01 6.652032248341448394e+03
1.373401812770383701e-01 6.537529166540592087e+03
1.385436971096682401e-01 6.419700222048890282e+03
1.397577593850500843e-01 6.299305443461945288e+03
1.409824605219555382e-01 6.177256464059648351e+03
1.422178937490241324e-01 6.054429731501287279e+03
1.434641531118610591e-01 5.931852266917095221e+03
1.447213334801953910e-01 5.810635463777720361e+03
1.459895305551021927e-01 5.691793232865136815e+03
1.472688408762882206e-01 5.576097457031151862e+03
1.485593618294399065e-01 5.464156867016828073e+03
1.498611916536371769e-01 5.356545161835671934e+03
1.511744294488321649e-01 5.253912296129242350e+03
1.524991751833920939e-01 5.156905408358173190e+03
1.538355297017103551e-01 5.065949690061976980e+03
1.551835947318820352e-01 4.980869310374529050e+03
1.565434728934485542e-01 4.901382624639252754e+03
1.579152677052093889e-01 4.827162379543792667e+03
1.592990835931018256e-01 4.757806982346855875e+03
1.606950258981509616e-01 4.692906590048641192e+03
1.621032008844878469e-01 4.631805260201346755e+03
1.635237157474390968e-01 4.573725484041797245e+03
1.649566786216873082e-01 4.517875577080130824e+03
1.664021985895019762e-01 4.463355786111786983e+03
1.678603856890435175e-01 4.409285889028947167e+03
1.693313509227402369e-01 4.354870280376120718e+03
1.708152062657372072e-01 4.299386957676356360e+03
1.723120646744215057e-01 4.242222962037759316e+03
1.738220400950196420e-01 4.183000325301127305e+03
1.753452474722720367e-01 4.121424010048063792e+03
1.768818027581836594e-01 4.057432725752413262e+03
1.784318229208493589e-01 3.991107136106932103e+03
1.799954259533594614e-01 3.922644474344720948e+03
1.815727308827803366e-01 3.852414461606653731e+03
1.831638577792160660e-01 3.780833269753111381e+03
1.847689277649487705e-01 3.708480296514051588e+03
1.863880630236577907e-01 3.635956202211339587e+03
1.880213868097223018e-01 3.563922231394276878e+03
1.896690234576023093e-01 3.493048496342259114e+03
1.913310983913043550e-01 3.423966856248655859e+03
1.930077381339293519e-01 3.357271363486992414e+03
1.946990703173033799e-01 3.293411522344473269e+03
1.964052236916935534e-01 3.232631092988955061e+03
1.981263281356097639e-01 3.175071041518694983e+03
1.998625146656902718e-01 3.120685802412433077e+03
2.016139154466763117e-01 3.069350819406622577e+03
2.033806638014724610e-01 3.020754963633034549e+03
2.051628942212946061e-01 2.974540375471340212e+03
2.069607423759100839e-01 2.930272746163835109e+03
2.087743451239641168e-01 2.887498201684741161e+03
2.106038405233968958e-01 2.845703754464484973e+03
2.124493678419554221e-01 2.804378050965200600e+03
2.143110675677936394e-01 2.763039089353689633e+03
2.161890814201661570e-01 2.721255806895555452e+03
2.180835523602184800e-01 2.678727748692478599e+03
2.199946246018684159e-01 2.635254073521716236e+03
2.219224436227835162e-01 2.590833102854278422e+03
2.238671561754570216e-01 2.545558872222694845e+03
2.258289102983781771e-01 2.499658090510376041e+03
2.278078553273019391e-01 2.453408227377094136e+03
2.298041419066155500e-01 2.407146206945944414e+03
2.318179220008082519e-01 2.361215920678982911e+03
2.338493489060384511e-01 2.315963524443312963e+03
2.358985772618018006e-01 2.271720258446480329e+03
2.379657630627053932e-01 2.228792580293652009e+03
2.400510636703414302e-01 2.187418634650264721e+03
2.421546378252649179e-01 2.147759014873783144e+03
2.442766456590798607e-01 2.109828035426507540e+03
2.464172487066281225e-01 2.073538422913706199e+03
2.485766099182845912e-01 2.038692501411409239e+03
2.507548936723639765e-01 2.005045642383618997e+03
2.529522657876325242e-01 1.972330763130432842e+03
2.551688935359312516e-01 1.940285954561534254e+03
2.574049456549076242e-01 1.908665417489440415e+03
2.596605923608631961e-01 1.877244949982796243e+03
2.619360053617097450e-01 1.845827017950376103e+03
2.642313578700387633e-01 1.814257767281042561e+03
2.665468246163101296e-01 1.782473731284685982e+03
2.688825818621514152e-01 1.750511834303030810e+03
2.712388074137742633e-01 1.718502298670295204e+03
2.736156806355127813e-01 1.686625874395807841e+03
2.760133824634754540e-01 1.655070618789734453e+03
2.784320954193176822e-01 1.624010449547427470e+03
2.808720036241386109e-01 1.593585424702655018e+03
2.833332928124951966e-01 1.563916396228156600e+03
2.858161503465419528e-01 1.535108891823941349e+03
2.883207652302917090e-01 1.507224730881759342e+03
2.908473281240062658e-01 1.480263506257849031e+03
2.933960313587085089e-01 1.454150858954023533e+03
2.959670689508220320e-01 1.428741273435801986e+03
2.985606366169432646e-01 1.403881672741089687e+03
3.011769317887385000e-01 1.379438747791573860e+03
3.038161536279717079e-01 1.355307504657127993e+03
3.064785030416686262e-01 1.331409609257431612e+03
3.091641826974087515e-01 1.307680888685707487e+03
3.118733970387516097e-01 1.284070743402809285e+03
3.146063523008030272e-01 1.260575684288497769e+03
3.173632565259121852e-01 1.237253183161083598e+03
3.201443195795097285e-01 1.214201495321077573e+03
3.229497531660812659e-01 1.191523215287506673e+03
3.257797708452864760e-01 1.169288193307834945e+03
3.286345880482141601e-01 1.147533386571867140e+03
3.315144220937799036e-01 1.126281281062660582e+03
3.344194922052731722e-01 1.105551891757908379e+03
3.373500195270426882e-01 1.085352035637975632e+03
3.403062271413299644e-01 1.065644322529582041e+03
3.432883400852537181e-01 1.046349866158001987e+03
3.462965853679397799e-01 1.027383624823736682e+03
3.493311919877988836e-01 1.008689399886243791e+03
3.523923909499633300e-01 9.902454687054232636e+02
3.554804152838693110e-01 9.720418623019165807e+02
3.585955000609967747e-01 9.540591340586488514e+02
3.617378824127621129e-01 9.362861073087376553e+02
3.649078015485723303e-01 9.187464924823028696e+02
3.681054987740336459e-01 9.014947762769900237e+02
3.713312175093175238e-01 8.845779879466306284e+02
3.745852033076956245e-01 8.680062264766513636e+02
3.778677038742296324e-01 8.517679700290323126e+02
3.811789690846253409e-01 8.358603893522176804e+02
3.845192510042586553e-01 8.202913290863834845e+02
3.878888039073605243e-01 8.050469195921905339e+02
3.912878842963747328e-01 7.900829962875905039e+02
3.947167509214811187e-01 7.753550651548431460e+02
3.981756648002967025e-01 7.608504565820510379e+02
4.016648892377429614e-01 7.465785052428753943e+02
4.051846898460879087e-01 7.325367359621540118e+02
4.087353345651689729e-01 7.187091769864611024e+02
4.123170936827882382e-01 7.050971644692779137e+02
4.159302398552849889e-01 6.917300028346551244e+02
4.195750481282957689e-01 6.786278328356589782e+02
4.232517959576896360e-01 6.657829089527308497e+02
4.269607632306871015e-01 6.531838579259340349e+02
4.307022322871703057e-01 6.408214163470835274e+02
4.344764879411729397e-01 6.286869414692333748e+02
4.382838175025626781e-01 6.167721928308302495e+02
4.421245107989094092e-01 6.050694641836116716e+02
4.459988601975522493e-01 5.935736592445508677e+02
4.499071606278535196e-01 5.822815946074312023e+02
4.538497096036474554e-01 5.711901685497978178e+02
4.578268072458925864e-01 5.602963113298670805e+02
4.618387563055156853e-01 5.495969853133722154e+02
4.658858621864563343e-01 5.390891850829325449e+02
4.699684329689191031e-01 5.287699375304439400e+02
4.740867794328245122e-01 5.186363019330153747e+02
4.782412150814636109e-01 5.086853700129071285e+02
4.824320561653677175e-01 4.989142659819220285e+02
4.866596217063797747e-01 4.893201465707669513e+02
4.909242335219410336e-01 4.799002010438372281e+02
4.952262162495849052e-01 4.706516511998396481e+02
4.995658973716555207e-01 4.615717513587487133e+02
5.039436072402337929e-01 4.526577883355261633e+02
5.083596791022825245e-01 4.439070814010362938e+02
5.128144491250192782e-01 4.353169822305837329e+02
5.173082564215049084e-01 4.268848748405018796e+02
5.218414430764544143e-01 4.186081755132197486e+02
5.264143541722831054e-01 4.104843327111747726e+02
5.310273378153734791e-01 4.025108269800333005e+02
5.356807451625713590e-01 3.946851708415737789e+02
5.403749304479221749e-01 3.870049086766083519e+02
5.451102510096332843e-01 3.794676165983671012e+02
5.498870673172778778e-01 3.720708803076146296e+02
5.547057429992311439e-01 3.648122267002661374e+02
5.595666448703564555e-01 3.576891987707817862e+02
5.644701429599264797e-01 3.506993809349456228e+02
5.694166105397872046e-01 3.438403983736840814e+02
5.744064241527796488e-01 3.371099163863033255e+02
5.794399636414002686e-01 3.305056397533085715e+02
5.845176121767123867e-01 3.240253121086138322e+02
5.896397562875215215e-01 3.176667153210387937e+02
5.948067858897956306e-01 3.114276688849763559e+02
6.000190943163441482e-01 3.053060293200975366e+02
6.052770783467659177e-01 2.992996895799562367e+02
6.105811382376497010e-01 2.934065784693963224e+02
6.159316777530445819e-01 2.876246600706348318e+02
6.213291041951920501e-01 2.819519331778911919e+02
6.267738284355380829e-01 2.763864307404595024e+02
6.322662649460061290e-01 2.709262193140918953e+02
6.378068318305457618e-01 2.655693985206135039e+02
6.433959508569661034e-01 2.603141005156018082e+02
6.490340474890394784e-01 2.551584894640743642e+02
6.547215509188857308e-01 2.501007610240354211e+02
6.604588940996505286e-01 2.451391418377974105e+02
6.662465137784601144e-01 2.402718890309498079e+02
6.720848505296642683e-01 2.354972897188943364e+02
6.779743487883819197e-01 2.308136607010822274e+02
6.839154568843277548e-01 2.262193564418057576e+02
6.899086270759438033e-01 2.217127714089911308e+02
6.959543155848216811e-01 2.172923274397144837e+02
7.020529826304388044e-01 2.129564723696576607e+02
7.082050924651892565e-01 2.087036796621774783e+02
7.144111134097196336e-01 2.045324480413206629e+02
7.206715178885874096e-01 2.004413011287544180e+02
7.269867824662193945e-01 1.964287870846310682e+02
7.333573878831860515e-01 1.924934782523567947e+02
7.397838190928046620e-01 1.886339708072537746e+02
7.462665652980509101e-01 1.848488844091179999e+02
7.528061199888003152e-01 1.811368618586389800e+02
7.594029809793909624e-01 1.774965687576857931e+02
7.660576504465249625e-01 1.739266931734244110e+02
7.727706349674933195e-01 1.704259453062755370e+02
7.795424455587339763e-01 1.669930571616702650e+02
7.863735977147399137e-01 1.636267822256100715e+02
7.932646114472969856e-01 1.603258951439895839e+02
8.002160113250641471e-01 1.570891914056900873e+02
8.072283265135151709e-01 1.539154870294050568e+02
8.143020908152148740e-01 1.508036182541756318e+02
8.214378427104505054e-01 1.477524412336391322e+02
8.286361253982321706e-01 1.447608317339441157e+02
8.358974868376357614e-01 1.418276848353247885e+02
8.432224797895194746e-01 1.389519142510729353e+02
8.506116618585962685e-01 1.361324491260041896e+02
8.580655955358887921e-01 1.333682356524076908e+02
8.655848482415442469e-01 1.306582385879306685e+02
8.731699923680235065e-01 1.280014409694446726e+02
8.808216053236841425e-01 1.253968438158692180e+02
8.885402695767281589e-01 1.228434658352689866e+02
8.963265726995384153e-01 1.203403431361503237e+02
9.041811074134157300e-01 1.178865289429252385e+02
9.121044716336939029e-01 1.154810933154907389e+02
9.200972685152509767e-01 1.131231228728766922e+02
9.281601064984323912e-01 1.108117205209103275e+02
9.362935993553620495e-01 1.085460051838553710e+02
9.444983662366676080e-01 1.063251115399814495e+02
9.527750317186058915e-01 1.041481897610062646e+02
9.611242258506177416e-01 1.020144052553752800e+02
9.695465842032851000e-01 9.992293841533073362e+01
9.780427479167072002e-01 9.787298436771951060e+01
9.866133637493171848e-01 9.586375272849889484e+01
9.952590841271102828e-01 9.389446736089587375e+01
1.003980567193303530e+00 9.196436613717237663e+01
1.012778476858446686e+00 9.007270070395516370e+01
1.021653482850956474e+00 8.821873625108106864e+01
1.030606260768092364e+00 8.640175128392526460e+01
1.039637492127397200e+00 8.462103739935000135e+01
1.048747864418568820e+00 8.287589918745342743e+01
1.057938071155799520e+00 8.116565420778647422e+01
1.067208811930558499e+00 7.948963247579830238e+01
1.076560792464861027e+00 7.784717619548973744e+01
1.085994724664984146e+00 7.623763955368576717e+01
1.095511326675653541e+00 7.466038851741193128e+01
1.105111322934722473e+00 7.311480063433195653e+01
1.114795444228313670e+00 7.160026483621301452e+01
1.124564427746443496e+00 7.011618124538138375e+01
1.134419017139150165e+00 6.866196098412372351e+01
1.144359962573098244e+00 6.723702598700657518e+01
1.154388020788677638e+00 6.584080881607324898e+01
1.164503955157621506e+00 6.447275247887405669e+01
1.174708535741108006e+00 6.313231024930777124e+01
1.185002539348386508e+00 6.181894549122670668e+01
1.195386749595899190e+00 6.053213148477443895e+01
1.205861956966948867e+00 5.927135125541878580e+01
1.216428958871864641e+00 5.803609740564713348e+01
1.227088559708698901e+00 5.682587194928968444e+01
1.237841570924472112e+00 5.564018614842995447e+01
1.248688811076938077e+00 5.447856035287673393e+01
1.259631105896888315e+00 5.334052384215844711e+01
1.270669288351022885e+00 5.222561467000690527e+01
1.281804198705352560e+00 5.113337951129793169e+01
1.293036684589155216e+00 5.006337349618733157e+01
1.304367601059515103e+00 4.901515975830626815e+01
1.315797810666402334e+00 4.798830933430182455e+01
1.327328183518340143e+00 4.698240133356159731e+01
1.338959597348628572e+00 4.599702280723959547e+01
1.350692937582177011e+00 4.503176860664314063e+01
1.362529097402897404e+00 4.408624124395928590e+01
1.374468977821689863e+00 4.316005075528316581e+01
1.386513487745046902e+00 4.225281456591070395e+01
1.398663544044231433e+00 4.136415735786954428e+01
1.410920071625069827e+00 4.049371093964950319e+01
1.423284003498369366e+00 3.964111411810100094e+01
1.435756280850936317e+00 3.880601257247124636e+01
1.448337853117223739e+00 3.798805873054386950e+01
1.461029678051599889e+00 3.718691164685262152e+01
1.473832721801266787e+00 3.640223688293573900e+01
1.486747958979802497e+00 3.563370638960204673e+01
1.499776372741343122e+00 3.488099839117843715e+01
1.512918954855438924e+00 3.414379727170656054e+01
1.526176705782545273e+00 3.342179346306382115e+01
1.539550634750172176e+00 3.271468333497293912e+01
1.553041759829725699e+00 3.202216908687767472e+01
1.566651108014000870e+00 3.134395864165185230e+01
1.580379715295350485e+00 3.067976554111634258e+01
1.594228626744566224e+00 3.002930884333380845e+01
1.608198896590420146e+00 2.939231302037495297e+01
1.622291588299924703e+00 2.876850785367766861e+01
1.636507774659273107e+00 2.815762834164343076e+01
1.650848537855523990e+00 2.755941460618036842e+01
1.665314969558970848e+00 2.697361179844850909e+01
1.679908171006235351e+00 2.639997000622478751e+01
1.694629253084114939e+00 2.583824416286492109e+01
1.709479336414139850e+00 2.528819395783603241e+01
1.724459551437868665e+00 2.474958374879793865e+01
1.739571038502959022e+00 2.422218247520402201e+01
1.754814947949968174e+00 2.370576357340360474e+01
1.770192440199909845e+00 2.320010489321757063e+01
1.785704685842608219e+00 2.270498861596502138e+01
1.801352865725796670e+00 2.222020117392016303e+01
1.817138171045012074e+00 2.174553317117228701e+01
1.833061803434263171e+00 2.128077930587220834e+01
1.849124975057518272e+00 2.082573829383614950e+01
1.865328908700974342e+00 2.038021279349277037e+01
1.881674837866126992e+00 1.994400933214514282e+01
1.898164006863689357e+00 1.951693823353082280e+01
1.914797670908305660e+00 1.909881354665746755e+01
1.931577096214089018e+00 1.868945297589344889e+01
1.948503560091032982e+00 1.828867781229338618e+01
1.965578351042234884e+00 1.789631286613833794e+01
1.982802768861968712e+00 1.751218640030197804e+01
2.000178124734653284e+00 1.713613003328381623e+01
2.017705741334649527e+00 1.676797865426159007e+01
2.035386952926954152e+00 1.640757041539818673e+01
2.053223105468753751e+00 1.605474667589290050e+01
2.071215556711907269e+00 1.570935194100130516e+01
2.089365676306289998e+00 1.537123380215488488e+01
2.107674845904046190e+00 1.504024287816064920e+01
2.126144459264788011e+00 1.471623275746380699e+01
2.144775922361681797e+00 1.439905994145491341e+01
2.163570653488463780e+00 1.408858378880420403e+01
2.182530083367430151e+00 1.378466646080547342e+01
2.201655655258336175e+00 1.348717286771276314e+01
2.220948825068250532e+00 1.319597061605318622e+01
2.240411061462407982e+00 1.291092995689859357e+01
2.260043845975994170e+00 1.263192373508035971e+01
2.279848673126931846e+00 1.235882733933155109e+01
2.299827050529634764e+00 1.209151865333975095e+01
2.319980499009795416e+00 1.182987800769585718e+01
2.340310552720144432e+00 1.157378813272267060e+01
2.360818759257222510e+00 1.132313411216958343e+01
2.381506679779215485e+00 1.107780333775674642e+01
2.402375889124781505e+00 1.083768546455523740e+01
2.423427975932920031e+00 1.060267236718907924e+01
2.444664542763933746e+00 1.037265809684385864e+01
2.466087206221401651e+00 1.014753883696532810e+01
2.487697597075235745e+00 9.927212840233245572e+00
2.509497360385841702e+00 9.711580398800338187e+00
2.531488155629331160e+00 9.500543820407127527e+00
2.553671656823854885e+00 9.294007389303063249e+00
2.576049552657019515e+00 9.091877327635835115e+00
2.598623546614459379e+00 8.894061757561653181e+00
2.621395357109503443e+00 8.700470664064440030e+00
2.644366717613969353e+00 8.511015858472129381e+00
2.667539376790150296e+00 8.325610942655956137e+00
2.690915098623916091e+00 8.144171273902458097e+00
2.714495662558980005e+00 7.966613930445612723e+00
2.738282863632383268e+00 7.792857677646529702e+00
2.762278512611124004e+00 7.622822934810580264e+00
2.786484436130005182e+00 7.456431742629806791e+00
2.810902476830666519e+00 7.293607731239649894e+00
2.835534493501884246e+00 7.134276088878628741e+00
2.860382361221050385e+00 6.978363531141096310e+00
2.885447971496897690e+00 6.825798270811557877e+00
2.910733232413519112e+00 6.676509988270602491e+00
2.936240068775601397e+00 6.530429802461814148e+00
2.961970422254931012e+00 6.387490242410339469e+00
2.987926251538236322e+00 6.247625219282229914e+00
3.014109532476270559e+00 6.110769998975244199e+00
3.040522258234205744e+00 5.976861175231466206e+00
3.067166439443394399e+00 5.845836639572415727e+00
3.094044104354398694e+00 5.717635547046556965e+00
3.121157298991405593e+00 5.592198301716744702e+00
3.148508087307950731e+00 5.469466534521418843e+00
3.176098551344069154e+00 5.349383078773671585e+00
3.203930791384769883e+00 5.231891946132094517e+00
3.232006926119902701e+00 5.116938303034051394e+00
3.260329092805470896e+00 5.004468447582778090e+00
3.288899447426313127e+00 4.894429786880701627e+00
3.317720164860204601e+00 4.786770814799903739e+00
3.346793439043453056e+00 4.681441090182357989e+00
3.376121483137890955e+00 4.578391215461390829e+00
3.405706529699333185e+00 4.477572815697429043e+00
3.435550830847558856e+00 4.378938518019324100e+00
3.465656658437731075e+00 4.282441931464790130e+00
3.496026304233347481e+00 4.188037627211572911e+00
3.526662080080678052e+00 4.095681119193120168e+00
3.557566318084781187e+00 4.005328845090753376e+00
3.588741370787017715e+00 3.916938147695714356e+00
3.620189611344115654e+00 3.830467256634408013e+00
3.651913433708859902e+00 3.745875270449487537e+00
3.683915252812310914e+00 3.663122139030828173e+00
3.716197504747617675e+00 3.582168646389454203e+00
3.748762646955499545e+00 3.502976393767895047e+00
3.781613158411299747e+00 3.425507782942749824e+00
3.814751539813669989e+00 3.349725995824038183e+00
3.848180313774974604e+00 3.275594978234262378e+00
3.881902025013292068e+00 3.203079429443132398e+00
3.915919240546144930e+00 3.132144787132999042e+00
3.950234549885880408e+00 3.062757212356610470e+00
3.984850565236835784e+00 2.994883574791556757e+00
4.019769921694165582e+00 2.928491438285788728e+00
4.054995277444419344e+00 2.863549046688977917e+00
4.090529313967926406e+00 2.800025309963682485e+00
4.126374736242905961e+00 2.737889790571601978e+00
4.162534272951353920e+00 2.677112690129305417e+00
4.199010676686803833e+00 2.617664836328500666e+00
4.235806724163843739e+00 2.559517670115634136e+00
4.272925216429466211e+00 2.502643233126114808e+00
4.310368979076338647e+00 2.447014155367969401e+00
4.348140862457871236e+00 2.392603643150445158e+00
4.386243741905202498e+00 2.339385467252807160e+00
4.424680517946059766e+00 2.287333951328608617e+00
4.463454116525595872e+00 2.236423960540976363e+00
4.502567489229104325e+00 2.186630890424613671e+00
4.542023613506678714e+00 2.137930655970009752e+00
4.581825492899914920e+00 2.090299680925560288e+00
4.621976157270523800e+00 2.043714887313573758e+00
4.662478663030959147e+00 1.998153685155909409e+00
4.703336093377124882e+00 1.953593962027211584e+00
4.744551558523047774e+00 1.910014071029167315e+00
4.786128195937656038e+00 1.867392822851541512e+00
4.828069170583580316e+00 1.825709477441600281e+00
4.870377675158130693e+00 1.784943734704067753e+00
4.913056930336313854e+00 1.745075725384263476e+00
4.956110185015975667e+00 1.706086002134936441e+00
4.999540716565170406e+00 1.667955530763226557e+00
5.043351831071618996e+00 1.630665681654174470e+00
5.087546863594354818e+00 1.594198221367470136e+00
5.132129178417653925e+00 1.558535304403953825e+00
5.177102169307108426e+00 1.523659465138540892e+00
5.222469259767945182e+00 1.489553609916469901e+00
5.268233903305691967e+00 1.456201009309381567e+00
5.314399583689029427e+00 1.423585290528503577e+00
5.360969815215012702e+00 1.391690429991432776e+00
5.407948142976550798e+00 1.360500746039881026e+00
5.455338143132327566e+00 1.330000891805102059e+00
5.503143423179004401e+00 1.300175848218367181e+00
5.551367622225812148e+00 1.271010917163467147e+00
5.600014411271620141e+00 1.242491714768430899e+00
5.649087493484367783e+00 1.214604164833880562e+00
5.698590604482926203e+00 1.187334492395231811e+00
5.748527512621530278e+00 1.160669217415991827e+00
5.798902019276605202e+00 1.134595148603377845e+00
5.849717959136116363e+00 1.109099376090858069e+00
5.900979200491534904e+00 1.084169264144908995e+00
5.952689645532267981e+00 1.059792447990244524e+00
6.004853230642729578e+00 1.035956828494301707e+00
6.057473926701946176e+00 1.012650566574393673e+00
6.110555739385898910e+00 9.898620777198026133e-01
6.164102709472422781e+00 9.675800266266096905e-01
6.218118913148765081e+00 9.457933219429778271e-01
6.272608462321950462e+00 9.244911111225841971e-01
6.327575504931757244e+00 9.036627753842016997e-01
6.383024225266445306e+00 8.832979247751896468e-01
6.438958844281340355e+00 8.633863933367790233e-01
6.495383619920116480e+00 8.439182343692441801e-01
6.552302847438896016e+00 8.248837157948398779e-01
6.609720859733279497e+00 8.062733156165460269e-01
6.667642027668147620e+00 7.880777174707849220e-01
6.726070760410395977e+00 7.702878062720920349e-01
6.785011505764542150e+00 7.528946639479947578e-01
6.844468750511373045e+00 7.358895652622288175e-01
6.904447020749459263e+00 7.192639737244993503e-01
6.964950882239664409e+00 7.030095375851169726e-01
7.025984940752777241e+00 6.871180859126658769e-01
7.087553842420085459e+00 6.715816247531604111e-01
7.149662274087015490e+00 6.563923333689756223e-01
7.212314963669989254e+00 6.415425605600912906e-01
7.275516680516293633e+00 6.270248211175011299e-01
7.339272235767095864e+00 6.128317922718919952e-01
7.403586482723771844e+00 5.989563101829765701e-01
7.468464317217294202e+00 5.853913665528535093e-01
7.533910677980952819e+00 5.721301053113795332e-01
7.599930547026260363e+00 5.591658193706444679e-01
7.666528950022266642e+00 5.464919474471362504e-01
7.733710956678107706e+00 5.341020709502499741e-01
7.801481681128874968e+00 5.219899109357497569e-01
7.869846282325012155e+00 5.101493251228969017e-01
7.938809964424987875e+00 4.985743049739227994e-01
8.008377977191416974e+00 4.872589728346036209e-01
8.078555616390771021e+00 4.761975791346491071e-01
8.149348224196467427e+00 4.653844996467277895e-01
8.220761189595497953e+00 4.548142328029179948e-01
8.292799948798744936e+00 4.444813970673819337e-01
8.365469985654735652e+00 4.343807283641680783e-01
8.438776832067134137e+00 4.245070775589648293e-01
8.512726068415785718e+00 4.148554079937407657e-01
8.587323323981602030e+00 4.054207930731363319e-01
8.662574277375043152e+00 3.961984139016120343e-01
8.738484656968342534e+00 3.871835569702735680e-01
8.815060241331664770e+00 3.783716118923344807e-01
8.892306859672949315e+00 3.697580691862785707e-01
8.970230392281598242e+00 3.613385176107918872e-01
9.048836770976198096e+00 3.531086404703519532e-01
9.128131979556014741e+00 3.450642152731306367e-01
9.208122054256525857e+00 3.372011122952875417e-01
9.288813084208866755e+00 3.295152925726113624e-01
9.370211211903439974e+00 3.220028059348857274e-01
9.452322633657464834e+00 3.146597890821591914e-01
9.535153600086614389e+00 3.074824637020121543e-01
9.618710416580929845e+00 3.004671346269672250e-01
9.702999443784754874e+00 2.936101880311898227e-01
9.788027098080892330e+00 2.869080896657019708e-01
9.873799852079137906e+00 2.803573831312385911e-01
9.960324235108943824e+00 2.739546881880018936e-01
1.004760683371640617e+01 2.676966991015343744e-01
1.013565429216576241e+01 2.615801830239284920e-01
1.022447331294510420e+01 2.556019784096631997e-01
1.031407065727662697e+01 2.497589934653157429e-01
1.040445314563125834e+01 2.440482046324518040e-01
1.049562765824794930e+01 2.384666551029869797e-01
1.058760113565738159e+01 2.330114533663423526e-01
1.068038057921024730e+01 2.276797717877278304e-01
1.077397305161031049e+01 2.224688452168882002e-01
1.086838567745202866e+01 2.173759696266787667e-01
1.096362564376279813e+01 2.123985007808440184e-01
1.105970020055021408e+01 2.075338529617719585e-01
1.115661666135387442e+01 2.027794992427829346e-01
1.125438240380208121e+01 1.981329707741129043e-01
1.135300487017354776e+01 1.935918532766472411e-01
1.145249156796387346e+01 1.891537856749357094e-01
1.155285007045705825e+01 1.848164589474683983e-01
1.165408801730195520e+01 1.805776150012072534e-01
1.175621311509392442e+01 1.764350455698731335e-01
1.185923313796143042e+01 1.723865911355074165e-01
1.196315592815779816e+01 1.684301398728315080e-01
1.206798939665828208e+01 1.645636266159200278e-01
1.217374152376223684e+01 1.607850318467568818e-01
1.228042035970054435e+01 1.570923807052016785e-01
1.238803402524854391e+01 1.534837420199296754e-01
1.249659071234415997e+01 1.499572273599295846e-01
1.260609868471142114e+01 1.465109901061139308e-01
1.271656627848967425e+01 1.431432245426411953e-01
1.282800190286806874e+01 1.398521649675361356e-01
1.294041404072572554e+01 1.366360848222127888e-01
1.305381124927740899e+01 1.334932958395186053e-01
1.316820216072506078e+01 1.304221472098902046e-01
1.328359548291485304e+01 1.274210247652768635e-01
1.339999999999998259e+01 1.244883501804484177e-01
