# d267b7acbd7ca1021691f4feea94f726d4a4097ff244dad4bdc4108a8a9ef8ab#
# baonoise-meta {"cosmology":{"N_eff":3.046,"h":0.6822,"mnu":0.06,"ns":0.974,"ombh2":0.0226,"omch2":0.118,"omnuh2":0.000644883920894239,"sigma_8":0.813},"data_sha256":"242eee73b146c45f665533bf889c570793cb6a224cb2303465a9fdb5cb823b41","format":"baonoise-pk-v2","generator":{"package":"camb","version":"2.0.2"},"settings":{"As":2.1e-09,"accurate_massive_neutrino_transfers":false,"kmax_h_mpc":20.0,"minkh_h_mpc":0.0001,"neutrino_input":"omnuh2_active","nonlinear":false,"npoints":1400,"redshift":0.0,"tau":0.06}}
6.822000000000000752e-05 1.348327214490678671e+03
6.881781375951727875e-05 1.359828292063863273e+03
6.942086617765471680e-05 1.371427360546899763e+03
7.002920316092368848e-05 1.383125251867416864e+03
7.064287101811556296e-05 1.394922807177322738e+03
7.126191646382699517e-05 1.406820876882599578e+03
7.188638662201589206e-05 1.418820318758853773e+03
7.251632902958872592e-05 1.430921997934078490e+03
7.315179164001924883e-05 1.443126786952119119e+03
7.379282282699878455e-05 1.455435564947474859e+03
7.443947138811869409e-05 1.467849212187784588e+03
7.509178654858497432e-05 1.480368613511850754e+03
7.574981796496546398e-05 1.492994661073245425e+03
7.641361572896994165e-05 1.505728254410174941e+03
7.708323037126316992e-05 1.518570300506122521e+03
7.775871286531153630e-05 1.531521715552853038e+03
7.844011463126339921e-05 1.544583428443532966e+03
7.912748753986324757e-05 1.557756376870199574e+03
7.982088391640035157e-05 1.571041506480466069e+03
8.052035654469198592e-05 1.584439770944786687e+03
8.122595867110144244e-05 1.597952132032927466e+03
8.193774400859141476e-05 1.611579560021721136e+03
8.265576674081275509e-05 1.625323033893534785e+03
8.338008152622917231e-05 1.639183540989301036e+03
8.411074350227800691e-05 1.653162077048153378e+03
8.484780828956748927e-05 1.667259646278889477e+03
8.559133199611086088e-05 1.681477260798974157e+03
8.634137122159730418e-05 1.695815934296749901e+03
8.709798306170077884e-05 1.710276684502106946e+03
8.786122511242618169e-05 1.724860537424083759e+03
8.863115547449379255e-05 1.739568527480118746e+03
8.940783275776215502e-05 1.754401697562220988e+03
9.019131608568958195e-05 1.769361102219799477e+03
9.098166509983494975e-05 1.784447818385729988e+03
9.177893996439772718e-05 1.799662935990210372e+03
9.258320137079799773e-05 1.815007554422370731e+03
9.339451054229640768e-05 1.830482782613814607e+03
9.421292923865474467e-05 1.846089739029165685e+03
9.503851976083730940e-05 1.861829541633732333e+03
9.587134495575348693e-05 1.877703298500959363e+03
9.671146822104192433e-05 1.893712124420114378e+03
9.755895350989646361e-05 1.909857143039918583e+03
9.841386533593460251e-05 1.926139486933492208e+03
9.927626877810846956e-05 1.942560298644767499e+03
1.001462294856588690e-04 1.959120747822213161e+03
1.010238136831126941e-04 1.975822029736617424e+03
1.019090881753242770e-04 1.992665350586003342e+03
1.028021203525606770e-04 2.009651927069875228e+03
1.037029781956317861e-04 2.026782986482964816e+03
1.046117302810652258e-04 2.044059764539453909e+03
1.055284457863265912e-04 2.061483492863480024e+03
1.064531944950855834e-04 2.079055407442688193e+03
1.073860468025281123e-04 2.096776754429664834e+03
1.083270737207151147e-04 2.114648790237826233e+03
1.092763468839881292e-04 2.132672781622427010e+03
1.102339385544224670e-04 2.150850005342093937e+03
1.111999216273279928e-04 2.169181747499111680e+03
1.121743696367982074e-04 2.187669304539226687e+03
1.131573567613079561e-04 2.206313983522346462e+03
1.141489578293600486e-04 2.225117102205988886e+03
1.151492483251816303e-04 2.244079989303943421e+03
1.161583043944701686e-04 2.263203990413963766e+03
1.171762028501900459e-04 2.282490469721639329e+03
1.182030211784197422e-04 2.301940803376503936e+03
1.192388375442504514e-04 2.321556379147053121e+03
1.202837307977362095e-04 2.341338596518545728e+03
1.213377804798962682e-04 2.361288866115278324e+03
1.224010668287700120e-04 2.381408603710834541e+03
1.234736707855250818e-04 2.401699232962279893e+03
1.245556740006187877e-04 2.422162189206452240e+03
1.256471588400136501e-04 2.442798919597591066e+03
1.267482083914474224e-04 2.463610883201706656e+03
1.278589064707580283e-04 2.484599549572756587e+03
1.289793376282639286e-04 2.505766394234982727e+03
1.301095871552002982e-04 2.527112903130500854e+03
1.312497410902118788e-04 2.548640574180506519e+03
1.323998862259024006e-04 2.570350917376608777e+03
1.335601101154416286e-04 2.592245454992732903e+03
1.347305010792301436e-04 2.614325731500828624e+03
1.359111482116226964e-04 2.636593321395999737e+03
1.371021413877103533e-04 2.659049814293144664e+03
1.383035712701620825e-04 2.681696813363358160e+03
1.395155293161262980e-04 2.704535935450638135e+03
1.407381077841930630e-04 2.727568809750004675e+03
1.419713997414169830e-04 2.750797056031778538e+03
1.432154990704018161e-04 2.774222288334020959e+03
1.444705004764472629e-04 2.797846132796808888e+03
1.457364994947581247e-04 2.821670228276128910e+03
1.470135924977168879e-04 2.845696226434044547e+03
1.483018767022199779e-04 2.869925796451110728e+03
1.496014501770781167e-04 2.894360648060525364e+03
1.509124118504816779e-04 2.919002515238943488e+03
1.522348615175317453e-04 2.943853146609892974e+03
1.535688998478364664e-04 2.968914305553147642e+03
1.549146283931745734e-04 2.994187770303597063e+03
1.562721495952259338e-04 3.019675324724550137e+03
1.576415667933697023e-04 3.045378744055385596e+03
1.590229842325508846e-04 3.071299814073300695e+03
1.604165070712157220e-04 3.097440334674471160e+03
1.618222413893170603e-04 3.123802119977372058e+03
1.632402941963891356e-04 3.150386998715380287e+03
1.646707734396939170e-04 3.177196822508964942e+03
1.661137880124379494e-04 3.204233467445357746e+03
1.675694477620622447e-04 3.231498825407415552e+03
1.690378634986038661e-04 3.258994803689241508e+03
1.705191470031314270e-04 3.286723325117451168e+03
1.720134110362539644e-04 3.314686327385096320e+03
1.735207693467050822e-04 3.342885756853446310e+03
1.750413366800014983e-04 3.371323571767329668e+03
1.765752287871782717e-04 3.400001745962691075e+03
1.781225624335999237e-04 3.428922269016284645e+03
1.796834554078491071e-04 3.458087146363667671e+03
1.812580265306931477e-04 3.487498400986080924e+03
1.828463956641290008e-04 3.517158077744742968e+03
1.844486837205077344e-04 3.547068239276201439e+03
1.860650126717385922e-04 3.577230964855301409e+03
1.876955055585741551e-04 3.607648350523482804e+03
1.893402864999764392e-04 3.638322509031901973e+03
1.909994807025654998e-04 3.669255558004246268e+03
1.926732144701504641e-04 3.700449612285916373e+03
1.943616152133442352e-04 3.731906801162760530e+03
1.960648114592624400e-04 3.763629270168619769e+03
1.977829328613073777e-04 3.795619181194598241e+03
1.995161102090378647e-04 3.827878714761117408e+03
2.012644754381249753e-04 3.860410099026865282e+03
2.030281616403961447e-04 3.893215603205295793e+03
2.048073030739658187e-04 3.926297515809339075e+03
2.066020351734563631e-04 3.959658144266281397e+03
2.084124945603071455e-04 3.993299815072400179e+03
2.102388190531753417e-04 4.027224864260264440e+03
2.120811476784267564e-04 4.061435594581570058e+03
2.139396206807189923e-04 4.095934308618135219e+03
2.158143795336776426e-04 4.130723325883071993e+03
2.177055669506655362e-04 4.165804982935705084e+03
2.196133268956467410e-04 4.201181633570840859e+03
2.215378045941454631e-04 4.236855668780618544e+03
2.234791465443012768e-04 4.272829543318604010e+03
2.254375005280209840e-04 4.309105738023082267e+03
2.274130156222284587e-04 4.345686753810591654e+03
2.294058422102126659e-04 4.382575111833823030e+03
2.314161319930756438e-04 4.419773352145327408e+03
2.334440380012803686e-04 4.457283997754133452e+03
2.354897146062999642e-04 4.495109551510765414e+03
2.375533175323691802e-04 4.533252532575294026e+03
2.396350038683384349e-04 4.571715478333840110e+03
2.417349320796323756e-04 4.610500944504834479e+03
2.438532620203121427e-04 4.649611511136028639e+03
2.459901549452449157e-04 4.689049824875049126e+03
2.481457735223784912e-04 4.728818576144305553e+03
2.503202818451245523e-04 4.768920476934314138e+03
2.525138454448498161e-04 4.809358260820151372e+03
2.547266313034769834e-04 4.850134683122538263e+03
2.569588078661961964e-04 4.891252506431529582e+03
2.592105450542870845e-04 4.932714466050049850e+03
2.614820142780547056e-04 4.974523307185811973e+03
2.637733884498769435e-04 5.016681794910293320e+03
2.660848419973678609e-04 5.059192714275981416e+03
2.684165508766554894e-04 5.102058870609318546e+03
2.707686925857765510e-04 5.145283098678712122e+03
2.731414461781875693e-04 5.188868267562322217e+03
2.755349922763957295e-04 5.232817268679194058e+03
2.779495130857084599e-04 5.277133014861916308e+03
2.803851924081030879e-04 5.321818440493165326e+03
2.828422156562189569e-04 5.366876501370727055e+03
2.853207698674712993e-04 5.412310171632218953e+03
2.878210437182898468e-04 5.458122444846940198e+03
2.903432275384805515e-04 5.504316336428523755e+03
2.928875133257154064e-04 5.550894883816194124e+03
2.954540947601467854e-04 5.597861146610525793e+03
2.980431672191520510e-04 5.645218206389061379e+03
3.006549277922056099e-04 5.692969165573405007e+03
3.032895752958826986e-04 5.741117148607347190e+03
3.059473102889935991e-04 5.789665302562333636e+03
3.086283350878511571e-04 5.838616797274260534e+03
3.113328537816714941e-04 5.887974825448544834e+03
3.140610722481104082e-04 5.937742597578318964e+03
3.168131981689351908e-04 5.987923336098848267e+03
3.195894410458343543e-04 6.038520284808974793e+03
3.223900122163655415e-04 6.089536710348644192e+03
3.252151248700430259e-04 6.140975902326188589e+03
3.280649940645672964e-04 6.192841173190417976e+03
3.309398367421947213e-04 6.245135853049828256e+03
3.338398717462534170e-04 6.297863289764112778e+03
3.367653198378013093e-04 6.351026854067538807e+03
3.397164037124314299e-04 6.404629939904061757e+03
3.426933480172249897e-04 6.458675964547809599e+03
3.456963793678514149e-04 6.513168369604640247e+03
3.487257263658199015e-04 6.568110626767471331e+03
3.517816196158805343e-04 6.623506234570638298e+03
3.548642917435797977e-04 6.679358715727180424e+03
3.579739774129679815e-04 6.735671617244410299e+03
3.611109133444632014e-04 6.792448510547925252e+03
3.642753383328707845e-04 6.849692984257889293e+03
3.674674932655619787e-04 6.907408628987746852e+03
3.706876211408109017e-04 6.965599054889133185e+03
3.739359670862916801e-04 7.024267895878765557e+03
3.772127783777397378e-04 7.083418809743899146e+03
3.805183044577740872e-04 7.143055478318526184e+03
3.838527969548870223e-04 7.203181610583272231e+03
3.872165097025976341e-04 7.263800943996225215e+03
3.906096987587757627e-04 7.324917240854320880e+03
3.940326224251329708e-04 7.386534288112592549e+03
3.974855412668863936e-04 7.448655897493299562e+03
4.009687181325931327e-04 7.511285905615371121e+03
4.044824181741595330e-04 7.574428174313563431e+03
4.080269088670258285e-04 7.638086590671892736e+03
4.116024600305262667e-04 7.702265066992727952e+03
4.152093438484302399e-04 7.766967540902951441e+03
4.188478348896605219e-04 7.832197975462298018e+03
4.225182101291952760e-04 7.897960350366694001e+03
4.262207489691518299e-04 7.964258630659455775e+03
4.299557332600565545e-04 8.031096794262922231e+03
4.337234473222992184e-04 8.098478842903526129e+03
4.375241779677776751e-04 8.166408802177222242e+03
4.413582145217298460e-04 8.234890721774510894e+03
4.452258488447591788e-04 8.303928694203132181e+03
4.491273753550517394e-04 8.373526873093282120e+03
4.530630910507880255e-04 8.443689442227041582e+03
4.570332955327520517e-04 8.514420611614181325e+03
4.610382910271378673e-04 8.585724617592217328e+03
4.650783824085561098e-04 8.657605720388601185e+03
4.691538772232419483e-04 8.730068158449475959e+03
4.732650857124670206e-04 8.803116151823798646e+03
4.774123208361555240e-04 8.876753942571916923e+03
4.815958982967086374e-04 8.950985796276163455e+03
4.858161365630359703e-04 9.025816002071876937e+03
4.900733568947993534e-04 9.101248879277052765e+03
4.943678833668681575e-04 9.177288815149269794e+03
4.987000428939883075e-04 9.253940240375724898e+03
5.030701652556693847e-04 9.331207611695626838e+03
5.074785831212874848e-04 9.409095411919341132e+03
5.119256320754099043e-04 9.487608149969386432e+03
5.164116506433410027e-04 9.566750340305039572e+03
5.209369803168915208e-04 9.646526465282717254e+03
5.255019655803744956e-04 9.726941020991967889e+03
5.301069539368288581e-04 9.807998526915567709e+03
5.347522959344721237e-04 9.889703525933344281e+03
5.394383451933857515e-04 9.972060584302640564e+03
5.441654584324333906e-04 1.005507429089695688e+04
5.489339954964164584e-04 1.013874925697366234e+04
5.537443193834663997e-04 1.022309011706059937e+04
5.585967962726775312e-04 1.030810152900927642e+04
5.634917955519807946e-04 1.039378817398574029e+04
5.684296898462648170e-04 1.048015475628129025e+04
5.734108550457404831e-04 1.056720600165183532e+04
5.784356703345549817e-04 1.065494665799126960e+04
5.835045182196558697e-04 1.074338149633177818e+04
5.886177845599110080e-04 1.083251531083438567e+04
5.937758585954794896e-04 1.092235291876412157e+04
5.989791329774431022e-04 1.101289915414029565e+04
6.042280037976960469e-04 1.110415884790203927e+04
6.095228706190960587e-04 1.119613684629063391e+04
6.148641365058823494e-04 1.128883801721483178e+04
6.202522080543566851e-04 1.138226725018796242e+04
6.256874954238358412e-04 1.147642945617695295e+04
6.311704123678738053e-04 1.157132956003653817e+04
6.367013762657586099e-04 1.166697249426258531e+04
6.422808081542845512e-04 1.176336321057986243e+04
6.479091327598034827e-04 1.186050668119672810e+04
6.535867785305558321e-04 1.195840789870932531e+04
6.593141776692854625e-04 1.205707187387330850e+04
6.650917661661414140e-04 1.215650360196654219e+04
6.709199838318663078e-04 1.225670806757891296e+04
6.767992743312772680e-04 1.235769027214683410e+04
6.827300852170369765e-04 1.245945523465393126e+04
6.887128679637262441e-04 1.256200799147099133e+04
6.947480780022094243e-04 1.266535359099150810e+04
7.008361747543038383e-04 1.276949706688865626e+04
7.069776216677544018e-04 1.287444345662529304e+04
7.131728862515094441e-04 1.298019781272342334e+04
7.194224401113128971e-04 1.308676520257191441e+04
7.257267589856023372e-04 1.319415070828138778e+04
7.320863227817250244e-04 1.330235945615331184e+04
7.385016156124683600e-04 1.341139666374365333e+04
7.449731258329149539e-04 1.352126757804320187e+04
7.515013460776157972e-04 1.363197746372710026e+04
7.580867732980932491e-04 1.374353160298932926e+04
7.647299088006679832e-04 1.385593529096994644e+04
7.714312582846230126e-04 1.396919370553485714e+04
7.781913318806986130e-04 1.408331188065335118e+04
7.850106441899237829e-04 1.419829484861674609e+04
7.918897143227919370e-04 1.431414764814717455e+04
7.988290659387749801e-04 1.443087532401606768e+04
8.058292272861881196e-04 1.454848293514158468e+04
8.128907312424010810e-04 1.466697562430929793e+04
8.200141153544032073e-04 1.478635858436827766e+04
8.271999218797217905e-04 1.490663701729479544e+04
8.344486978277033951e-04 1.502781613346238009e+04
8.417609950011519914e-04 1.514990115129993319e+04
8.491373700383351769e-04 1.527289727508820579e+04
8.565783844553571816e-04 1.539680963398363201e+04
8.640846046889027804e-04 1.552164334164758839e+04
8.716566021393579644e-04 1.564740351431663657e+04
8.792949532143065064e-04 1.577409527035723295e+04
8.870002393724070802e-04 1.590172373029605660e+04
8.947730471676566821e-04 1.603029404938120751e+04
9.026139682940420876e-04 1.615981143965670162e+04
9.105235996305806453e-04 1.629028112142369355e+04
9.185025432867574557e-04 1.642170831788927171e+04
9.265514066483586083e-04 1.655409825473487581e+04
9.346708024237098018e-04 1.668745614596769883e+04
9.428613486903169878e-04 1.682178700410372403e+04
9.511236689419157566e-04 1.695709568069581655e+04
9.594583921359357576e-04 1.709338701199333445e+04
9.678661527413765734e-04 1.723066582203516009e+04
9.763475907871084925e-04 1.736893692195572658e+04
9.849033519105923271e-04 1.750820514224660292e+04
9.935340874070281401e-04 1.764847548251945773e+04
1.002240454278932992e-03 1.778975299700413234e+04
1.011023115286156489e-03 1.793204273325745453e+04
1.019882738996330442e-03 1.807534973153205283e+04
1.028819999835764139e-03 1.821967902395061174e+04
1.037835578140783050e-03 1.836503557216412446e+04
1.046930160209518347e-03 1.851142418147311400e+04
1.056104438354151355e-03 1.865884962006580099e+04
1.065359110953614449e-03 1.880731663838888198e+04
1.074694882506753825e-03 1.895682996839287807e+04
1.084112463685958259e-03 1.910739431999856970e+04
1.093612571391259060e-03 1.925901431073210915e+04
1.103195928804902304e-03 1.941169445723316312e+04
1.112863265446400714e-03 1.956543924583685293e+04
1.122615317228065849e-03 1.972025313537923284e+04
1.132452826511029477e-03 1.987614055629999348e+04
1.142376542161755012e-03 2.003310591775014473e+04
1.152387219609044217e-03 2.019115366572324638e+04
1.162485620901541330e-03 2.035028825065946876e+04
1.172672514765744174e-03 2.051051409460218929e+04
1.182948676664522664e-03 2.067183559008134762e+04
1.193314888856149497e-03 2.083425709921158705e+04
1.203771940453849092e-03 2.099778291559938953e+04
1.214320627485864770e-03 2.116241717243876701e+04
1.224961752956059587e-03 2.132816393751192300e+04
1.235696126905041050e-03 2.149502723841087209e+04
1.246524566471825333e-03 2.166301106149092448e+04
1.257447895956040991e-03 2.183211935035250281e+04
1.268466946880675208e-03 2.200235597950857846e+04
1.279582558055376460e-03 2.217372473933831861e+04
1.290795575640304700e-03 2.234622936944091998e+04
1.302106853210545541e-03 2.251987356063143670e+04
1.313517251821084758e-03 2.269466095379975741e+04
1.325027640072359153e-03 2.287059513560293999e+04
1.336638894176374890e-03 2.304767959886062818e+04
1.348351898023407392e-03 2.322591775229528503e+04
1.360167543249289320e-03 2.340531294712435920e+04
1.372086729303279885e-03 2.358586847642482098e+04
1.384110363516538730e-03 2.376758757389552193e+04
1.396239361171194805e-03 2.395047339955962889e+04
1.408474645570018937e-03 2.413452898535830536e+04
1.420817148106708321e-03 2.431975727696616013e+04
1.433267808336791387e-03 2.450616115252895179e+04
1.445827574049146766e-03 2.469374342133504979e+04
1.458497401338154122e-03 2.488250682246813813e+04
1.471278254676473178e-03 2.507245402252168424e+04
1.484171106988465888e-03 2.526358761313014111e+04
1.497176939724256979e-03 2.545591011128988248e+04
1.510296742934446115e-03 2.564942395823057450e+04
1.523531515345474905e-03 2.584413151802491848e+04
1.536882264435649424e-03 2.604003507183063994e+04
1.550350006511839497e-03 2.623713672240848609e+04
1.563935766786838906e-03 2.643543839047188158e+04
1.577640579457410385e-03 2.663494190367011834e+04
1.591465487783010621e-03 2.683564899909514861e+04
1.605411544165208284e-03 2.703756132174657614e+04
1.619479810227797238e-03 2.724068042062043241e+04
1.633671356897609291e-03 2.744500773158805168e+04
1.647987264486039036e-03 2.765054458500525652e+04
1.662428622771277772e-03 2.785729221201095788e+04
1.676996531081274919e-03 2.806525174298042839e+04
1.691692098377421075e-03 2.827442420592366398e+04
1.706516443338967686e-03 2.848481051027344802e+04
1.721470694448180719e-03 2.869641141386127492e+04
1.736555990076249370e-03 2.890922755667692036e+04
1.751773478569942010e-03 2.912325946782553365e+04
1.767124318339021284e-03 2.933850756387160072e+04
1.782609677944424877e-03 2.955497214480375987e+04
1.798230736187224734e-03 2.977265328707499793e+04
1.813988682198359320e-03 2.999155079635605216e+04
1.829884715529153227e-03 3.021166434032480538e+04
1.845920046242634747e-03 3.043299345764264217e+04
1.862095895005645577e-03 3.065553755615612317e+04
1.878413493181766694e-03 3.087929592295794646e+04
1.894874082925052409e-03 3.110426785024990022e+04
1.911478917274587758e-03 3.133045258900540284e+04
1.928229260249872271e-03 3.155784926077611817e+04
1.945126386947045732e-03 3.178645685449137090e+04
1.962171583635949866e-03 3.201627422473654951e+04
1.979366147858045450e-03 3.224730000857491177e+04
1.996711388525185520e-03 3.247953232852654037e+04
2.014208626019251165e-03 3.271296904694372279e+04
2.031859192292670511e-03 3.294760786853486934e+04
2.049664430969806370e-03 3.318344633843677002e+04
2.067625697449239439e-03 3.342048184086069523e+04
2.085744359006944451e-03 3.365871166999857087e+04
2.104021794900375313e-03 3.389813310186428862e+04
2.122459396473457514e-03 3.413874326842702430e+04
2.141058567262500798e-03 3.438053913924293738e+04
2.159820723103044685e-03 3.462351751961234550e+04
2.178747292237631639e-03 3.486767503556142037e+04
2.197839715424536496e-03 3.511300788578531501e+04
2.217099446047437420e-03 3.535951185426289157e+04
2.236527950226055265e-03 3.560718253029782500e+04
2.256126706927757009e-03 3.585601531499501289e+04
2.275897208080142776e-03 3.610600541927841550e+04
2.295840958684617315e-03 3.635714786559153436e+04
2.315959476930953310e-03 3.660943750750823529e+04
2.336254294312860389e-03 3.686286901386219688e+04
2.356726955744575022e-03 3.711743685659432958e+04
2.377379019678455691e-03 3.737313530879394966e+04
2.398212058223624533e-03 3.762995844279151788e+04
2.419227657265641575e-03 3.788790013483275834e+04
2.440427416587220236e-03 3.814695407555917336e+04
2.461812949990020098e-03 3.840711375319594663e+04
2.483385885417487005e-03 3.866837244845994428e+04
2.505147865078783450e-03 3.893072323272192443e+04
2.527100545573791011e-03 3.919415895498717873e+04
2.549245598019226049e-03 3.945867182921235508e+04
2.571584708175847413e-03 3.972425330059334374e+04
2.594119576576781310e-03 3.999089453586962190e+04
2.616851918656974609e-03 4.025858645592006360e+04
2.639783464883773984e-03 4.052731973376050883e+04
2.662915960888665584e-03 4.079708484677227534e+04
2.686251167600148346e-03 4.106787259224810987e+04
2.709790861377790825e-03 4.133967387217579380e+04
2.733536834147445079e-03 4.161247936322003079e+04
2.757490893537661858e-03 4.188627951063055662e+04
2.781654863017291902e-03 4.216106452662561787e+04
2.806030582034294615e-03 4.243682417219413037e+04
2.830619906155759733e-03 4.271354705853298947e+04
2.855424707209165865e-03 4.299122129194696754e+04
2.880446873424868069e-03 4.326983470378672791e+04
2.905688309579835312e-03 4.354937484867487365e+04
2.931150937142652096e-03 4.382982900442787650e+04
2.956836694419781673e-03 4.411118432611164462e+04
2.982747536703125521e-03 4.439342797703732504e+04
3.008885436418859589e-03 4.467654687869890040e+04
3.035252383277586754e-03 4.496052767982666410e+04
3.061850384425797260e-03 4.524535675494023599e+04
3.088681464598664033e-03 4.553102018729368137e+04
3.115747666274169391e-03 4.581750351295875589e+04
3.143051049828589176e-03 4.610479175445286819e+04
3.170593693693333440e-03 4.639286963468225440e+04
3.198377694513158866e-03 4.668172158257944830e+04
3.226405167305786310e-03 4.697133173183861800e+04
3.254678245622892683e-03 4.726168382423813455e+04
3.283199081712529204e-03 4.755276070812818216e+04
3.311969846682951291e-03 4.784454468839870242e+04
3.340992730667902144e-03 4.813701774710661266e+04
3.370269942993326176e-03 4.843016154279861803e+04
3.399803712345553924e-03 4.872395741039168934e+04
3.429596286940951935e-03 4.901838680601900705e+04
3.459649934697073183e-03 4.931343203610935598e+04
3.489966943405295452e-03 4.960907530628718087e+04
3.520549620904974124e-03 4.990529853751581686e+04
3.551400295259128474e-03 5.020208336557815346e+04
3.582521314931652340e-03 5.049941099916675739e+04
3.613915048966099934e-03 5.079725786462621909e+04
3.645583887166019017e-03 5.109559466379017977e+04
3.677530240276871785e-03 5.139439126956962718e+04
3.709756540169547364e-03 5.169361702597807016e+04
3.742265240025489763e-03 5.199324074720976932e+04
3.775058814523445626e-03 5.229323316308275389e+04
3.808139760027830483e-03 5.259358767145948514e+04
3.841510594778772911e-03 5.289431048821187869e+04
3.875173859083818392e-03 5.319540830699415528e+04
3.909132115511288960e-03 5.349688817251237924e+04
3.943387949085363706e-03 5.379875748260432010e+04
3.977943967482871004e-03 5.410100911333362455e+04
4.012802801231768642e-03 5.440357910081593582e+04
4.047967103911420672e-03 5.470638865658187569e+04
4.083439552354570408e-03 5.500935744863330183e+04
4.119222846851117517e-03 5.531240360017037892e+04
4.155319711353691430e-03 5.561544411524519091e+04
4.191732893684978548e-03 5.591842576303466922e+04
4.228465165746926428e-03 5.622134679330334620e+04
4.265519323731727791e-03 5.652421070312501979e+04
4.302898188334680629e-03 5.682702137331845734e+04
4.340604604968929629e-03 5.712978306992130092e+04
4.378641443982042060e-03 5.743249873240367742e+04
4.417011600874521347e-03 5.773514558876611409e+04
4.455717996520230581e-03 5.803768035320429772e+04
4.494763577388720746e-03 5.834005859067566053e+04
4.534151315769548683e-03 5.864223524251484923e+04
4.573884209998521459e-03 5.894416462910218252e+04
4.613965284685940874e-03 5.924580287262810452e+04
4.654397590946867183e-03 5.954711920939053380e+04
4.695184206633350871e-03 5.984808739333279664e+04
4.736328236568760827e-03 6.014868099729240930e+04
4.777832812784109200e-03 6.044887341065410146e+04
4.819701094756482194e-03 6.074863780536845297e+04
4.861936269649563824e-03 6.104793653425671073e+04
4.904541552556228312e-03 6.134670613241083629e+04
4.947520186743300900e-03 6.164487854208066710e+04
4.990875443898457574e-03 6.194238476524623547e+04
5.034610624379242012e-03 6.223915487122581544e+04
5.078729057464347225e-03 6.253511922090974258e+04
5.123234101607010080e-03 6.283024021029401774e+04
5.168129144690688723e-03 6.312451599461852311e+04
5.213417604286972595e-03 6.341794696393468621e+04
5.259102927915705085e-03 6.371053395114826708e+04
5.305188593307461932e-03 6.400227823193898075e+04
5.351678108668257890e-03 6.429317634237448510e+04
5.398575012946606536e-03 6.458318096083995624e+04
5.445882876102950583e-03 6.487222192049309524e+04
5.493605299381367282e-03 6.516022804828634253e+04
5.541745915583761416e-03 6.544712734513463511e+04
5.590308389346363739e-03 6.573284699780103983e+04
5.639296417418717018e-03 6.601731911688014225e+04
5.688713728945094146e-03 6.630049507945902587e+04
5.738564085748353548e-03 6.658233026765985414e+04
5.788851282616305598e-03 6.686277980553459201e+04
5.839579147590615200e-03 6.714179856704013946e+04
5.890751542258155539e-03 6.741934120368014555e+04
5.942372362045016815e-03 6.769536327190969314e+04
5.994445536512999113e-03 6.796982187357505609e+04
6.046975029658764600e-03 6.824267408993735444e+04
6.099964840215603944e-03 6.851387684331060154e+04
6.153419001957793552e-03 6.878338690544104611e+04
6.207341584007713617e-03 6.905115974054943945e+04
6.261736691145556102e-03 6.931713493425335037e+04
6.316608464121821302e-03 6.958124039043816447e+04
6.371961079972531840e-03 6.984340322813324747e+04
6.427798752337178859e-03 7.010355004143870610e+04
6.484125731779495812e-03 7.036160691750918340e+04
6.540946306111039034e-03 7.061750287145821494e+04
6.598264800717556881e-03 7.087118407246419520e+04
6.656085578888293157e-03 7.112260217338400253e+04
6.714413042148099919e-03 7.137170877022501372e+04
6.773251630592515803e-03 7.161845541160364519e+04
6.832605823225778620e-03 7.186279357938951580e+04
6.892480138301736690e-03 7.210466865625289211e+04
6.952879133667854046e-03 7.234401262303414114e+04
7.013807407112111758e-03 7.258075544690918468e+04
7.075269596713043042e-03 7.281482684104172222e+04
7.137270381192805865e-03 7.304615628561435733e+04
7.199814480273309530e-03 7.327467330446183041e+04
7.262906655035536625e-03 7.350031318201418617e+04
7.326551708281944970e-03 7.372301711040879309e+04
7.390754484902077939e-03 7.394272654640655674e+04
7.455519872241400496e-03 7.415938296851544874e+04
7.520852800473306309e-03 7.437292789553295006e+04
7.586758242974429509e-03 7.458330167444347171e+04
7.653241216703268041e-03 7.479043522995106468e+04
7.720306782582036197e-03 7.499425505683787924e+04
7.787960045881982263e-03 7.519468758382192755e+04
7.856206156611960506e-03 7.539165922438501730e+04
7.925050309910504701e-03 7.558509640464809490e+04
7.994497746441306049e-03 7.577492695531828213e+04
8.064553752792113714e-03 7.596108312603866216e+04
8.135223661877220153e-03 7.614349817763386818e+04
8.206512853343372535e-03 7.632210555694972572e+04
8.278426753979309730e-03 7.649683892318187281e+04
8.350970838128898843e-03 7.666763208621315425e+04
8.424150628107807126e-03 7.683441492790277698e+04
8.497971694623910471e-03 7.699711164703591203e+04
8.572439657201376059e-03 7.715564623006728652e+04
8.647560184608384451e-03 7.730994293135718908e+04
8.723338995288725320e-03 7.745992630740340974e+04
8.799781857797041307e-03 7.760552140513216727e+04
8.876894591237985410e-03 7.774665549057244789e+04
8.954683065709206913e-03 7.788325747209259134e+04
9.033153202748151964e-03 7.801525674429148785e+04
9.112310975782900863e-03 7.814258320087546599e+04
9.192162410586823471e-03 7.826516726936733176e+04
9.272713585737306016e-03 7.838293885967382812e+04
9.353970633078505931e-03 7.849582339326589135e+04
9.435939738188079198e-03 7.860374541060200136e+04
9.518627140848065840e-03 7.870663009006815264e+04
9.602039135519916183e-03 7.880440328922502522e+04
9.686182071823591991e-03 7.889699158607100253e+04
9.771062355020981860e-03 7.898432230104341579e+04
9.856686446503434840e-03 7.906632351892146107e+04
9.943060864283656888e-03 7.914292416611380759e+04
1.003019218349190424e-02 7.921405405799718574e+04
1.011808703687645111e-02 7.927964394171415188e+04
1.020675211530855733e-02 7.933962545706465608e+04
1.029619416829175363e-02 7.939392960063686769e+04
1.038642000447565807e-02 7.944248688211914850e+04
1.047743649217429754e-02 7.948522885094015510e+04
1.056925055988889445e-02 7.952208820067917986e+04
1.066186919683535447e-02 7.955299881513103901e+04
1.075529945347624902e-02 7.957789548115539947e+04
1.084954844205754734e-02 7.959671194381917303e+04
1.094462333715006189e-02 7.960938228584214812e+04
1.104053137619553926e-02 7.961584196131513454e+04
1.113727986005762401e-02 7.961602784829560551e+04
1.123487615357766575e-02 7.960987829764890193e+04
1.133332768613528468e-02 7.959733312289035530e+04
1.143264195221400069e-02 7.957833353684787289e+04
1.153282651197166941e-02 7.955282234066190722e+04
1.163388899181602362e-02 7.952074400311383943e+04
1.173583708498524870e-02 7.948204470884990587e+04
1.183867855213354553e-02 7.943667238408025878e+04
1.194242122192198940e-02 7.938457589517126326e+04
1.204707299161440065e-02 7.932570483403872640e+04
1.215264182767853904e-02 7.926001062877284130e+04
1.225913576639257700e-02 7.918744666825704917e+04
1.236656291445678048e-02 7.910796834975488309e+04
1.247493144961066280e-02 7.902153317599139700e+04
1.258424962125552146e-02 7.892810128861301928e+04
1.269452575108234900e-02 7.882763530043182254e+04
1.280576823370538526e-02 7.872010001627430029e+04
1.291798553730108198e-02 7.860546247184701497e+04
1.303118620425275723e-02 7.848369197643465304e+04
1.314537885180089814e-02 7.835476035926157783e+04
1.326057217269907378e-02 7.821864267541997833e+04
1.337677493587573034e-02 7.807531660011585336e+04
1.349399598710165731e-02 7.792476223310227215e+04
1.361224424966336367e-02 7.776696213538941811e+04
1.373152872504241652e-02 7.760190138130713603e+04
1.385185849360055788e-02 7.742956924032114330e+04
1.397324271527104929e-02 7.724996059485472506e+04
1.409569063025586065e-02 7.706307320693186193e+04
1.421921155972911098e-02 7.686890741123032058e+04
1.434381490654666226e-02 7.666746613967265876e+04
1.446951015596183339e-02 7.645875505978790170e+04
1.459630687634747188e-02 7.624278451421669160e+04
1.472421471992439376e-02 7.601956922299037979e+04
1.485324342349602852e-02 7.578912659548694501e+04
1.498340280918974976e-02 7.555147668712580344e+04
1.511470278520446117e-02 7.530664221142948372e+04
1.524715334656489424e-02 7.505465006137931778e+04
1.538076457588249263e-02 7.479553932420603815e+04
1.551554664412286080e-02 7.452935532388466527e+04
1.565150981138009947e-02 7.425614586039271671e+04
1.578866442765777464e-02 7.397596119133678440e+04
1.592702093365680818e-02 7.368885402425288339e+04
1.606658986157032468e-02 7.339488146884231537e+04
1.620738183588530182e-02 7.309410822661247221e+04
1.634940757419139912e-02 7.278660213114926592e+04
1.649267788799685039e-02 7.247243325906986138e+04
1.663720368355138188e-02 7.215167390399175929e+04
1.678299596267654806e-02 7.182439884634404734e+04
1.693006582360312776e-02 7.149069477859100152e+04
1.707842446181600388e-02 7.115066202554632036e+04
1.722808317090645039e-02 7.080440327548325877e+04
1.737905334343173985e-02 7.045202282318296784e+04
1.753134647178249475e-02 7.009362651733803796e+04
1.768497414905743914e-02 6.972932299076173513e+04
1.783994806994593230e-02 6.935923463798167359e+04
1.799628003161828083e-02 6.898349182995522278e+04
1.815398193462365584e-02 6.860222589185711695e+04
1.831306578379613206e-02 6.821556895473005716e+04
1.847354368916843959e-02 6.782365388450714818e+04
1.863542786689385139e-02 6.742661958643011167e+04
1.879873064017619291e-02 6.702462623358600831e+04
1.896346444020780703e-02 6.661783891717756342e+04
1.912964180711592549e-02 6.620642240368451166e+04
1.929727539091732197e-02 6.579054104567215836e+04
1.946637795248113562e-02 6.537035882595094881e+04
1.963696236450044805e-02 6.494604931330727413e+04
1.980904161247203088e-02 6.451780231291041127e+04
1.998262879568495076e-02 6.408580779936263571e+04
2.015773712821774047e-02 6.365025411936384626e+04
2.033437993994421586e-02 6.321132790033873607e+04
2.051257067754830646e-02 6.276921534793197497e+04
2.069232290554756312e-02 6.232412222916565952e+04
2.087365030732577995e-02 6.187626858331310359e+04
2.105656668617467489e-02 6.142587170207452436e+04
2.124108596634454588e-02 6.097314556860952871e+04
2.142722219410428397e-02 6.051830077582733793e+04
2.161498953881067775e-02 6.006154904874951899e+04
2.180440229398689783e-02 5.960312473996693006e+04
2.199547487841076177e-02 5.914326698194367054e+04
2.218822183721215133e-02 5.868221001000694378e+04
2.238265784298034550e-02 5.822018309184672398e+04
2.257879769688098115e-02 5.775741051000970765e+04
2.277665632978264493e-02 5.729412206409382634e+04
2.297624880339362019e-02 5.683056764739059145e+04
2.317759031140829637e-02 5.636699463306528196e+04
2.338069618066384442e-02 5.590364395349997358e+04
2.358558187230697101e-02 5.544075009211040742e+04
2.379226298297080697e-02 5.497854179406296316e+04
2.400075524596219367e-02 5.451726108298898180e+04
2.421107453245945410e-02 5.405716463918784575e+04
2.442323685272039871e-02 5.359850245814849768e+04
2.463725835730125324e-02 5.314151673433564429e+04
2.485315533828597045e-02 5.268644192236691015e+04
2.507094423052646376e-02 5.223350669018080953e+04
2.529064161289379387e-02 5.178294832104005036e+04
2.551226420954004134e-02 5.133500429307291051e+04
2.573582889117157976e-02 5.088990385255745059e+04
2.596135267633319088e-02 5.044786806776261801e+04
2.618885273270363592e-02 5.000910996386280749e+04
2.641834637840258238e-02 4.957383921402508713e+04
2.664985108330879260e-02 4.914227360767652863e+04
2.688338447039012591e-02 4.871462616206112580e+04
2.711896431704496208e-02 4.829110165779669478e+04
2.735660855645549033e-02 4.787189683543339925e+04
2.759633527895296104e-02 4.745720060007595021e+04
2.783816273339463285e-02 4.704719423904359428e+04
2.808210932855299130e-02 4.664205164347023674e+04
2.832819363451719377e-02 4.624193952423019073e+04
2.857643438410650480e-02 4.584701764130569791e+04
2.882685047429650940e-02 4.545743903898236749e+04
2.907946096765743130e-02 4.507334943017700425e+04
2.933428509380533317e-02 4.469487656755026546e+04
2.959134225086601858e-02 4.432213411537452339e+04
2.985065200695149676e-02 4.395523049581696978e+04
3.011223410164979783e-02 4.359426931292767404e+04
3.037610844752742720e-02 4.323934957839064737e+04
3.064229513164527796e-02 4.289055981729858468e+04
3.091081441708777577e-02 4.254795272118051071e+04
3.118168674450525965e-02 4.221156791667916696e+04
3.145493273367003934e-02 4.188144280707102735e+04
3.173057318504616392e-02 4.155761273479960801e+04
3.200862908137259294e-02 4.124011102858374215e+04
3.228912158926074139e-02 4.092894636103727680e+04
3.257207206080555556e-02 4.062407572175853420e+04
3.285750203521095592e-02 4.032544997322213021e+04
3.314543324042961564e-02 4.003302091155462404e+04
3.343588759481672806e-02 3.974674129295046441e+04
3.372888720879876900e-02 3.946656285388296965e+04
3.402445438655641446e-02 3.919239031054515362e+04
3.432261162772249491e-02 3.892408173699573672e+04
3.462338162909483347e-02 3.866149666517935839e+04
3.492678728636380153e-02 3.840449824501861440e+04
3.523285169585547300e-02 3.815295312530274532e+04
3.554159815628957914e-02 3.790672211295948364e+04
3.585305017055316623e-02 3.766559720967805333e+04
3.616723144748985180e-02 3.742934154714247416e+04
3.648416590370439500e-02 3.719772389019701222e+04
3.680387766538343458e-02 3.697051860754486552e+04
3.712639107013214479e-02 3.674750543735894462e+04
3.745173066882670487e-02 3.652843459432882082e+04
3.777992122748340814e-02 3.631295011886709108e+04
3.811098772914375821e-02 3.610068168492336554e+04
3.844495537577634348e-02 3.589126737220976065e+04
3.878184959019539274e-02 3.568435338356396096e+04
3.912169601799583840e-02 3.547959406760461570e+04
3.946452052950581713e-02 3.527666482986218762e+04
3.981034922175576835e-02 3.507526748419764044e+04
4.015920842046511591e-02 3.487511192189683788e+04
4.051112468204642186e-02 3.467591447449510451e+04
4.086612479562672096e-02 3.447739782616399316e+04
4.122423578508691011e-02 3.427927918961389514e+04
4.158548491111901252e-02 3.408113784434175614e+04
4.194989967330111508e-02 3.388246607920455426e+04
4.231750781219102697e-02 3.368276654433290969e+04
4.268833731143770183e-02 3.348155421051292797e+04
4.306241639991161690e-02 3.327835655403374403e+04
4.343977355385371386e-02 3.307270755166029994e+04
4.382043749904291491e-02 3.286412463316170033e+04
4.420443721298304013e-02 3.265213076516494402e+04
4.459180192710850837e-02 3.243626400694276163e+04
4.498256112900959891e-02 3.221607806227284891e+04
4.537674456467728767e-02 3.199114301955737756e+04
4.577438224076738060e-02 3.176106507899487406e+04
4.617550442688482526e-02 3.152550658644925716e+04
4.658014165788809668e-02 3.128415123184350159e+04
4.698832473621333133e-02 3.103669981994207774e+04
4.740008473421941648e-02 3.078287096121349896e+04
4.781545299655307057e-02 3.052240580278382549e+04
4.823446114253502476e-02 3.025514818707278755e+04
4.865714106856712518e-02 2.998103731240355410e+04
4.908352495056009235e-02 2.970002977357134296e+04
4.951364524638323522e-02 2.941209667936962796e+04
4.994753469833495413e-02 2.911722393214843396e+04
5.038522633563529557e-02 2.881542646648186201e+04
5.082675347694042695e-02 2.850683281981005348e+04
5.127214973287863575e-02 2.819162459167674024e+04
5.172144900860930344e-02 2.786999197931753224e+04
5.217468550640348007e-02 2.754213338012238091e+04
5.263189372824769729e-02 2.720825520342341406e+04
5.309310847847047848e-02 2.686863289989828991e+04
5.355836486639153210e-02 2.652372591886712689e+04
5.402769830899447484e-02 2.617402084783498867e+04
5.450114453362312622e-02 2.581999615566793727e+04
5.497873958070078476e-02 2.546212145671407416e+04
5.546051980647416502e-02 2.510085973407114943e+04
5.594652188578070479e-02 2.473678142071004186e+04
5.643678281484038745e-02 2.437059364965026180e+04
5.693133991407229449e-02 2.400298630164365386e+04
5.743023083093516667e-02 2.363462022094966233e+04
5.793349354279368063e-02 2.326612681065603465e+04
5.844116635980903945e-02 2.289811808059776740e+04
5.895328792785550776e-02 2.253128760141147359e+04
5.946989723146230838e-02 2.216635981037857709e+04
5.999103359678110287e-02 2.180401835114679125e+04
6.051673669457964533e-02 2.144490557622710912e+04
6.104704654326191526e-02 2.108962335985642494e+04
6.158200351191407684e-02 2.073878904885438897e+04
6.212164832337794401e-02 2.039314421796951501e+04
6.266602205735054276e-02 2.005340997900763250e+04
6.321516615351140123e-02 1.972025563555743429e+04
6.376912241467734555e-02 1.939430107094344930e+04
6.432793300998419783e-02 1.907611933574251452e+04
6.489164047809728442e-02 1.876623827451889156e+04
6.546028773044933191e-02 1.846511691325037100e+04
6.603391805450707641e-02 1.817314943566526563e+04
6.661257511706676626e-02 1.789069709632783270e+04
6.719630296757772570e-02 1.761809248989389380e+04
6.778514604149608880e-02 1.735564245483457489e+04
6.837914916366694129e-02 1.710363037575671478e+04
6.897835755173672978e-02 1.686223461536584000e+04
6.958281681959560538e-02 1.663145263632629940e+04
7.019257298084928542e-02 1.641126113912006622e+04
7.080767245232200136e-02 1.620163830377244631e+04
7.142816205759013048e-02 1.600256496279914427e+04
7.205408903054606740e-02 1.581402267734696761e+04
7.268550101899438898e-02 1.563578928220723174e+04
7.332244608827852284e-02 1.546732194900293689e+04
7.396497272493980646e-02 1.530807611107394587e+04
7.461312984040874285e-02 1.515753493367450756e+04
7.526696677472774488e-02 1.501520710207977027e+04
7.592653330030768588e-02 1.488059918805939742e+04
7.659187962571624431e-02 1.475296319848064741e+04
7.726305639950019344e-02 1.463141167098487313e+04
7.794011471404112268e-02 1.451508692144973611e+04
7.862310610944436839e-02 1.440316054889359475e+04
7.931208257746268087e-02 1.429482939877939316e+04
8.000709656545416937e-02 1.418921472874644314e+04
8.070820098037430335e-02 1.408530235039020408e+04
8.141544919280402359e-02 1.398209276859873171e+04
8.212889504101186788e-02 1.387861541988308818e+04
8.284859283505266458e-02 1.377392861472696313e+04
8.357459736090198932e-02 1.366714359046830941e+04
8.430696388462612101e-02 1.355745520183172630e+04
8.504574815658971776e-02 1.344409525908329306e+04
8.579100641569924190e-02 1.332632672881407780e+04
8.654279539368424368e-02 1.320344705647000228e+04
8.730117231941621203e-02 1.307487699738165611e+04
8.806619492326457632e-02 1.294022671833786990e+04
8.883792144149171843e-02 1.279915387460771490e+04
8.961641062068607944e-02 1.265134933722646565e+04
9.040172172223391589e-02 1.249655394418093420e+04
9.119391452683087151e-02 1.233478436592311664e+04
9.199304933903232340e-02 1.216627677030374798e+04
9.279918699184412645e-02 1.199128786307867813e+04
9.361238885135370058e-02 1.181008822752619017e+04
9.443271682140084999e-02 1.162306158110428260e+04
9.526023334829084033e-02 1.143093184083456435e+04
9.609500142554729119e-02 1.123447408242684651e+04
9.693708459870796490e-02 1.103443723337257507e+04
9.778654697016207764e-02 1.083156825893920904e+04
9.864345320402956308e-02 1.062684572589531490e+04
9.950786853108423147e-02 1.042134429895314315e+04
1.003798587537186593e-01 1.021607270951041755e+04
1.012594902509536265e-01 1.001197946573734043e+04
1.021468299834913940e-01 9.810115466718572861e+03
1.030419454988124872e-01 9.611611488195401762e+03
1.039449049363178473e-01 9.417513177691529563e+03
1.048557770325161398e-01 9.228777260854354608e+03
1.057746311262556527e-01 9.046244918563539613e+03
1.067015371640032545e-01 8.870648955106895301e+03
1.076365657051684133e-01 8.702656805136048206e+03
1.085797879274746497e-01 8.542866844267349734e+03
1.095312756323780917e-01 8.391619875453916393e+03
1.104911012505327556e-01 8.249058061795671165e+03
1.114593378473047874e-01 8.115308548464717205e+03
1.124360591283338762e-01 7.990447134440873924e+03
1.134213394451443480e-01 7.874210029593533363e+03
1.144152538008052777e-01 7.766201968303047579e+03
1.154178778556394225e-01 7.666056040242489871e+03
1.164292879329830305e-01 7.573291335001194966e+03
1.174495610249962074e-01 7.487085650509231527e+03
1.184787747985230344e-01 7.406600616423404972e+03
1.195170076010048238e-01 7.331028859143485533e+03
1.205643384664433215e-01 7.259437297322697304e+03
1.216208471214174081e-01 7.190805750683693987e+03
1.226866139911525766e-01 7.124150080090960728e+03
1.237617202056423144e-01 7.058489921256197704e+03
1.248462476058250087e-01 6.992799482417716717e+03
1.259402787498130616e-01 6.926078537882815908e+03
1.270438969191779732e-01 6.857384638323672334e+03
1.281571861252902844e-01 6.785942674074790375e+03
1.292802311157140449e-01 6.711068593183597841e+03
1.304131173806590549e-01 6.632128303123350634e+03
1.315559311594878822e-01 6.548698289946793011e+03
1.327087594472809717e-01 6.460527387907211960e+03
1.338716900014594313e-01 6.367409759680346724e+03
1.350448113484647994e-01 6.269435845408084788e+03
1.362282127904982376e-01 6.167026833205524781e+03
1.374219844123189815e-01 6.060624100567295500e+03
1.386262170881009392e-01 5.950828837331511750e+03
1.398410024883516012e-01 5.838456735029618358e+03
1.410664330868890703e-01 5.724304127438514115e+03
1.423026021678823472e-01 5.609282890058167141e+03
1.435496038329523438e-01 5.494465657631275462e+03
1.448075330083347378e-01 5.380859037427658222e+03
1.460764854521068856e-01 5.269315005970639504e+03
1.473565577614765476e-01 5.160533072526789510e+03
1.486478473801353950e-01 5.055159922726450532e+03
1.499504526056773257e-01 4.953940785881133706e+03
1.512644725970804516e-01 4.857668911700413446e+03
1.525900073822556435e-01 4.766996785216656463e+03
1.539271578656616624e-01 4.682033871463966534e+03
1.552760258359852097e-01 4.602691862044578556e+03
1.566367139738907566e-01 4.528831165509366656e+03
1.580093258598357087e-01 4.460171353132611330e+03
1.593939659819561261e-01 4.396418670190324519e+03
1.607907397440206665e-01 4.337075152844878176e+03
1.621997534734538338e-01 4.281449382219994732e+03
1.636211144294307251e-01 4.228842618183713967e+03
1.650549308110411950e-01 4.178408098330967732e+03
1.665013117655267938e-01 4.129280489373468299e+03
1.679603673965896771e-01 4.080627106055828790e+03
1.694322087727735127e-01 4.031644120165033655e+03
1.709169479359186339e-01 3.981594207676611859e+03
1.724146979096916055e-01 3.929924040210937164e+03
1.739255727081879532e-01 3.876166724847160367e+03
1.754496873446124705e-01 3.820046846684580032e+03
1.769871578400334378e-01 3.761474005570888494e+03
1.785381012322148908e-01 3.700458559384240289e+03
1.801026355845266880e-01 3.637231933628700972e+03
1.816808799949304887e-01 3.572086089960002028e+03
1.832729546050474723e-01 3.505504015837112547e+03
1.848789806093026067e-01 3.438035779911189366e+03
1.864990802641510459e-01 3.370285843580362325e+03
1.881333768973851572e-01 3.302898144317864990e+03
1.897819949175214016e-01 3.236513283191236951e+03
1.914450598232724510e-01 3.171791897384046479e+03
1.931226982130989367e-01 3.109309658105720246e+03
1.948150377948475176e-01 3.049484623213951181e+03
1.965222073954725479e-01 2.992645246564823537e+03
1.982443369708423442e-01 2.938934088598792187e+03
1.999815576156318275e-01 2.888403121796527557e+03
2.017340015733029568e-01 2.840883444763366242e+03
2.035018022461700105e-01 2.796115622166566482e+03
2.052850942055561012e-01 2.753715079613275520e+03
2.070840132020365654e-01 2.713244301395829098e+03
2.088986961757719196e-01 2.674207793256320201e+03
2.107292812669341320e-01 2.636094537959138506e+03
2.125759078262213497e-01 2.598419435340382734e+03
2.144387164254647204e-01 2.560727968954850894e+03
2.163178488683313028e-01 2.522627074741697470e+03
2.182134482011176546e-01 2.483784065426102188e+03
2.201256587236378459e-01 2.444010410300470085e+03
2.220546260002105032e-01 2.403213596860055986e+03
2.240004968707382527e-01 2.361465352721324962e+03
2.259634194618849456e-01 2.318928984397415206e+03
2.279435431983534155e-01 2.275907229820765679e+03
2.299410188142590739e-01 2.232754059567888362e+03
2.319559983646050649e-01 2.189879169316074695e+03
2.339886352368553968e-01 2.147657090633977077e+03
2.360390841626139879e-01 2.106414671483282291e+03
2.381075012294021076e-01 2.066426276977203997e+03
2.401940438925390664e-01 2.027911730203452635e+03
2.422988709871307655e-01 1.990989492812236449e+03
2.444221427401595814e-01 1.955706565914502335e+03
2.465640207826801655e-01 1.922021827147503245e+03
2.487246681621257949e-01 1.889805536294290278e+03
2.509042493547189445e-01 1.858841965430030314e+03
2.531029302779906343e-01 1.828848994391304586e+03
2.553208783034129903e-01 1.799520509711275736e+03
2.575582622691386936e-01 1.770551788546292073e+03
2.598152524928541429e-01 1.741694656756370250e+03
2.620920207847432515e-01 1.712767353911466444e+03
2.643887404605684277e-01 1.683663801873693728e+03
2.667055863548632444e-01 1.654346332282582352e+03
2.690427348342395164e-01 1.624849965939132062e+03
2.714003638108161143e-01 1.595258773129847668e+03
2.737786527557607430e-01 1.565697904862596488e+03
2.761777827129504592e-01 1.536337626701877070e+03
2.785979363127564223e-01 1.507375801599343049e+03
2.810392977859447194e-01 1.479010034709720912e+03
2.835020529776992593e-01 1.451406918190793476e+03
2.859863893617721753e-01 1.424670074902321176e+03
2.884924960547525230e-01 1.398835492400906560e+03
2.910205638304640408e-01 1.373867743518373345e+03
2.935707851344850350e-01 1.349682207291752547e+03
2.961433540988016033e-01 1.326172903359202337e+03
2.987384665565834818e-01 1.303226058196090889e+03
3.013563200570907319e-01 1.280716295945179809e+03
3.039971138807144868e-01 1.258514104037022889e+03
3.066610490541453737e-01 1.236499526370340391e+03
3.093483283656750515e-01 1.214582812675907462e+03
3.120591563806363045e-01 1.192728602705976300e+03
3.147937394569734759e-01 1.170960841051863781e+03
3.175522857609497929e-01 1.149348921243668201e+03
3.203350052829967431e-01 1.127978539220305493e+03
3.231421098536974013e-01 1.106929204577468909e+03
3.259738131599127509e-01 1.086266467778318429e+03
3.288303307610457304e-01 1.066044619205217032e+03
3.317118801054543820e-01 1.046310127808844982e+03
3.346186805470025005e-01 1.027092181246297287e+03
3.375509533617562230e-01 1.008387296717184086e+03
3.405089217648318844e-01 9.901486166216894844e+02
3.434928109273858721e-01 9.722994015296980024e+02
3.465028479937541372e-01 9.547630478858701508e+02
3.495392620987463617e-01 9.374827667148683759e+02
3.526022843850872834e-01 9.204276234696525307e+02
3.556921480210095132e-01 9.035795900644009180e+02
3.588090882180073882e-01 8.869235033431351667e+02
3.619533422487397623e-01 8.704539529367040132e+02
3.651251494650925578e-01 8.541903374000893336e+02
3.683247513163974696e-01 8.381776570113902380e+02
3.715523913678149825e-01 8.224658454969028298e+02
3.748083153188742633e-01 8.070822595156755597e+02
3.780927710221737570e-01 7.920271822478894137e+02
3.814060085022536462e-01 7.772865521458742251e+02
3.847482799746260174e-01 7.628513333636228708e+02
3.881198398649722270e-01 7.487130758711494991e+02
3.915209448285152938e-01 7.348496263088088654e+02
3.949518537695542730e-01 7.212236503272247319e+02
3.984128278611743790e-01 7.077984692106269904e+02
4.019041305651259721e-01 6.945620258297462897e+02
4.054260276518841799e-01 6.815251716456280064e+02
4.089787872208779929e-01 6.687010976967394527e+02
4.125626797208972740e-01 6.560900126425361805e+02
4.161779779706840099e-01 6.436900177032484862e+02
4.198249571796986990e-01 6.315136677258207101e+02
4.235038949690678178e-01 6.195790777197340731e+02
4.272150713927214682e-01 6.078835220968771864e+02
4.309587689587102144e-01 5.964159817955967355e+02
4.347352726507085485e-01 5.851652248149509887e+02
4.385448699497128122e-01 5.741206155044667412e+02
4.423878508559226375e-01 5.632722229201879145e+02
4.462645079108182866e-01 5.526137648729837792e+02
4.501751362194268413e-01 5.421423436423120847e+02
4.541200334727912291e-01 5.318552308954729142e+02
4.580994999706293203e-01 5.217497206915854804e+02
4.621138386441914769e-01 5.118231298606813198e+02
4.661633550793252145e-01 5.020727983598703759e+02
4.702483575397355398e-01 4.924960896070629133e+02
4.743691569904485150e-01 4.830903907928851595e+02
4.785260671214874861e-01 4.738531131712097704e+02
4.827194043717505934e-01 4.647816923289484521e+02
4.869494879530961717e-01 4.558735884355515395e+02
4.912166398746475315e-01 4.471262864727883652e+02
4.955211849673019087e-01 4.385372964453254667e+02
4.998634509084599609e-01 4.301041535725981930e+02
5.042437682469653737e-01 4.218244184625286266e+02
5.086624704282737275e-01 4.136956772675433740e+02
5.131198938198321402e-01 4.057155418234420949e+02
5.176163777366823426e-01 3.978816497715960168e+02
5.221522644672957902e-01 3.901916646649485187e+02
5.267278992996279330e-01 3.826432760583276149e+02
5.313436305473987487e-01 3.752341995835446937e+02
5.359998095766141946e-01 3.679621770097294302e+02
5.406967908323101479e-01 3.608249762893919410e+02
5.454349318655316026e-01 3.538203915874630638e+02
5.502145933605558925e-01 3.469462088076688246e+02
5.550361391623459539e-01 3.402001252637672906e+02
5.598999363042491684e-01 3.335798512013828372e+02
5.648063550359335716e-01 3.270831361854490069e+02
5.697557688515778596e-01 3.207077684491305263e+02
5.747485545183012023e-01 3.144515742532720424e+02
5.797850921048400830e-01 3.083124172560985130e+02
5.848657650104870376e-01 3.022881978930686842e+02
5.899909599942735339e-01 2.963768527667176045e+02
5.951610672044077566e-01 2.905763540463042887e+02
6.003764802079808449e-01 2.848847088771316294e+02
6.056375960209231524e-01 2.792999587993768955e+02
6.109448151382238512e-01 2.738201791762937773e+02
6.162985415644234299e-01 2.684434786316124928e+02
6.216991828443650947e-01 2.631679984960297816e+02
6.271471500942193966e-01 2.579919122626030799e+02
6.326428580327762008e-01 2.529134250509665378e+02
6.381867250130209834e-01 2.479307730801453999e+02
6.437791730539781376e-01 2.430422231499221937e+02
6.494206278728332782e-01 2.382460721305608331e+02
6.551115189173467579e-01 2.335406464607740133e+02
6.608522793985414090e-01 2.289243016538136715e+02
6.666433463236773882e-01 2.243954218115374033e+02
6.724851605295246726e-01 2.199524191463402190e+02
6.783781667159185513e-01 2.155937339057726092e+02
6.843228134796073281e-01 2.113178460961859741e+02
6.903195533484091095e-01 2.071232762145434663e+02
6.963688428156543653e-01 2.030085697284971502e+02
7.024711423749386840e-01 1.989722958166140074e+02
7.086269165551721816e-01 1.950130470377279437e+02
7.148366339559483196e-01 1.911294390035705533e+02
7.211007672832121518e-01 1.873201100546799296e+02
7.274197933852398767e-01 1.835837209395906200e+02
7.337941932889467944e-01 1.799189544972853980e+02
7.402244522364997970e-01 1.763245153429347454e+02
7.467110597222530455e-01 1.727991295568913586e+02
7.532545095300169358e-01 1.693415443769595754e+02
7.598552997706422563e-01 1.659505278939179505e+02
7.665139329199396334e-01 1.626248687503011183e+02
7.732309158569260488e-01 1.593633758424278994e+02
7.800067599024169684e-01 1.561648780256626026e+02
7.868419808579462105e-01 1.530282238229116842e+02
7.937370990450273167e-01 1.499522811363471533e+02
8.006926393447695300e-01 1.469359369623301461e+02
8.077091312378298360e-01 1.439780971095442226e+02
8.147871088447146137e-01 1.410776859203165543e+02
8.219271109664477715e-01 1.382336459951125676e+02
8.291296811255813859e-01 1.354449379201996351e+02
8.363953676075661647e-01 1.327105399984613427e+02
8.437247235024984970e-01 1.300294473590489872e+02
8.511183067472165575e-01 1.274006680618780933e+02
8.585766801677764404e-01 1.248232256785605756e+02
8.661004115222901145e-01 1.222961609689241271e+02
8.736900735441541777e-01 1.198185316089021768e+02
8.813462439856439845e-01 1.173894119150212845e+02
8.890695056618890257e-01 1.150078925728732031e+02
8.968604464952496524e-01 1.126730803695190275e+02
9.047196595600655034e-01 1.103840979297900020e+02
9.126477431277986163e-01 1.081400834564304745e+02
9.206453007125853238e-01 1.059401904740397242e+02
9.287129411171730631e-01 1.037835875767673883e+02
9.368512784792599746e-01 1.016694581797182195e+02
9.450609323182544985e-01 9.959700027402004707e+01
9.533425275824297662e-01 9.756542618551009127e+01
9.616966946964994323e-01 9.557396233699859067e+01
9.701240696096014027e-01 9.362184901406341453e+01
9.786252938437185467e-01 9.170834013432899212e+01
9.872010145425090810e-01 8.983270302019639075e+01
9.958518845205637238e-01 8.799421817496920539e+01
1.004578562313110712e+00 8.619217906234365500e+01
1.013381712226141262e+00 8.442589188921309074e+01
1.022262004386972789e+00 8.269467539175290938e+01
1.031220114795272202e+00 8.099786062473187087e+01
1.040256725374511193e+00 7.933479075497406541e+01
1.049372524023869602e+00 7.770482105549058360e+01
1.058568204670612412e+00 7.610731892534079179e+01
1.067844467322907054e+00 7.454166327742409237e+01
1.077202018123114113e+00 7.300724428309285940e+01
1.086641569401532781e+00 7.150346318274738167e+01
1.096163839730639022e+00 7.002973209928070730e+01
1.105769553979779385e+00 6.858547385433486454e+01
1.115459443370344417e+00 6.717012178734115935e+01
1.125234245531444355e+00 6.578311957729803794e+01
1.135094704556053102e+00 6.442392106726380518e+01
1.145041571057647367e+00 6.309199009152378324e+01
1.155075602227355391e+00 6.178680030539735668e+01
1.165197561891593514e+00 6.050783501765394590e+01
1.175408220570202777e+00 5.925458702550680812e+01
1.185708355535118441e+00 5.802655845214211183e+01
1.196098750869528216e+00 5.682326058676252245e+01
1.206580197527565845e+00 5.564421372710424407e+01
1.217153493394511177e+00 5.448894702440041726e+01
1.227819443347541117e+00 5.335699833075259590e+01
1.238578859316994185e+00 5.224791404888717494e+01
1.249432560348170629e+00 5.116124898425827183e+01
1.260381372663693877e+00 5.009656619946880340e+01
1.271426129726398679e+00 4.905343687097826688e+01
1.282567672302771911e+00 4.803144014806996864e+01
1.293806848526966924e+00 4.703016299747229567e+01
1.305144513965360575e+00 4.604919982501994724e+01
1.316581531681674244e+00 4.508815241791370454e+01
1.328118772302688377e+00 4.414663002723008134e+01
1.339757114084507039e+00 4.322424924188450746e+01
1.351497442979420427e+00 4.232063385857328086e+01
1.363340652703334932e+00 4.143541475384200368e+01
1.375287644803822706e+00 4.056822975825224376e+01
1.387339328728741217e+00 3.971872353261372979e+01
1.399496621895457871e+00 3.888654744625272031e+01
1.411760449760703029e+00 3.807135945728744986e+01
1.424131745891006995e+00 3.727282399487912556e+01
1.436611452033765168e+00 3.649061184343339193e+01
1.449200518188936693e+00 3.572440002871741171e+01
1.461899902681356389e+00 3.497387170587327176e+01
1.474710572233686623e+00 3.423871604928734769e+01
1.487633502040001998e+00 3.351862814430278803e+01
1.500669675840036188e+00 3.281330888073164687e+01
1.513820085994061593e+00 3.212246484815549508e+01
1.527085733558424252e+00 3.144580823297563299e+01
1.540467628361761765e+00 3.078305671719217429e+01
1.553966789081869360e+00 3.013393337888591006e+01
1.567584243323234983e+00 2.949816659437579602e+01
1.581321027695281822e+00 2.887548994202709451e+01
1.595178187891270749e+00 2.826564210768541585e+01
1.609156778767892648e+00 2.766836677822629653e+01
1.623257864425586616e+00 2.708341250652413734e+01
1.637482518289529398e+00 2.651053266902423644e+01
1.651831823191356241e+00 2.594948539418990663e+01
1.666306871451576299e+00 2.540003347533280476e+01
1.680908764962744106e+00 2.486194428494121311e+01
1.695638615273328265e+00 2.433498969048167382e+01
1.710497543672318876e+00 2.381894597165070593e+01
1.725486681274601697e+00 2.331359373905426935e+01
1.740607169107054153e+00 2.281871785429251531e+01
1.755860158195393872e+00 2.233410735142791381e+01
1.771246809651818799e+00 2.185955535981422315e+01
1.786768294763385612e+00 2.139485902826476149e+01
1.802425795081161741e+00 2.093981945054044758e+01
1.818220502510190073e+00 2.049424159213380747e+01
1.834153619400206603e+00 2.005793421833028489e+01
1.850226358637174995e+00 1.963070982352640215e+01
1.866439943735603402e+00 1.921238456178423348e+01
1.882795608931699949e+00 1.880277817860071110e+01
1.899294599277320472e+00 1.840171394387646231e+01
1.915938170734734047e+00 1.800901858606017569e+01
1.932727590272252050e+00 1.762452222745253749e+01
1.949664135960665901e+00 1.724805832065004552e+01
1.966749097070524810e+00 1.687946358611026554e+01
1.983983774170302583e+00 1.651857795024399778e+01
2.001369479225391768e+00 1.616524445594452075e+01
2.018907535697962885e+00 1.581930919264089219e+01
2.036599278647732270e+00 1.548062128149650540e+01
2.054446054833579005e+00 1.514903282168507559e+01
2.072449222816072023e+00 1.482439883398431313e+01
2.090610153060871390e+00 1.450657720538345963e+01
2.108930228043079502e+00 1.419542863468489102e+01
2.127410842352464027e+00 1.389081657908711875e+01
2.146053402799612542e+00 1.359260720172945547e+01
2.164859328523042414e+00 1.330066932018326753e+01
2.183830051097222835e+00 1.301487435587427832e+01
2.202967014641536991e+00 1.273509628442052488e+01
2.222271675930239887e+00 1.246121158686850983e+01
2.241745504503338537e+00 1.219309920181523488e+01
2.261389982778448715e+00 1.193064047839881781e+01
2.281206606163663775e+00 1.167371913014422269e+01
2.301196883171378271e+00 1.142222118964912880e+01
2.321362335533123655e+00 1.117603496409568820e+01
2.341704498315398286e+00 1.093505099157393268e+01
2.362224920036541054e+00 1.069916199820373315e+01
2.382925162784600648e+00 1.046826285604037743e+01
2.403806802336234227e+00 1.024225054175180816e+01
2.424871428276687890e+00 1.002102409605278233e+01
2.446120644120785226e+00 9.804484583884425675e+00
2.467556067434982126e+00 9.592535052638620385e+00
2.489179329960530485e+00 9.385080472662762574e+00
2.510992077737671746e+00 9.182027713097792088e+00
2.532995971230934007e+00 8.983285518375176082e+00
2.555192685455554003e+00 8.788764471883759199e+00
2.577583910104969789e+00 8.598376960186941531e+00
2.600171349679453403e+00 8.412037137905887363e+00
2.622956723615848418e+00 8.229660893257333854e+00
2.645941766418483887e+00 8.051165814234089169e+00
2.669128227791198960e+00 7.876471155417413605e+00
2.692517872770522125e+00 7.705497805410238321e+00
2.716112481860060601e+00 7.538168254879058061e+00
2.739913851166023040e+00 7.374406565195461560e+00
2.763923792533934609e+00 7.214138337665344736e+00
2.788144133686584869e+00 7.057290683335903481e+00
2.812576718363147599e+00 6.903792193370084540e+00
2.837223406459536523e+00 6.753572909978431404e+00
2.862086074169971184e+00 6.606564297898287919e+00
2.887166614129828890e+00 6.462699216410778824e+00
2.912466935559702375e+00 6.321911891885529933e+00
2.937988964410721771e+00 6.184137890844508156e+00
2.963734643511198197e+00 6.049314093534576386e+00
2.989705932714500580e+00 5.917378668000917052e+00
3.015904809048229662e+00 5.788271044651009056e+00
3.042333266864753583e+00 5.661931891298615405e+00
3.068993317993002456e+00 5.538303086464713587e+00
3.095886991891604545e+00 5.417327691672560341e+00
3.123016335803408428e+00 5.298949933479039309e+00
3.150383414911299695e+00 5.183115181459491794e+00
3.177990312495428071e+00 5.069769925496707685e+00
3.205839130091766798e+00 4.958861753504727687e+00
3.233931987652125084e+00 4.850339329578511105e+00
3.262271023705507478e+00 4.744152372562302489e+00
3.290858395520892099e+00 4.640251635029040145e+00
3.319696279271481032e+00 4.538588882662828894e+00
3.348786870200344712e+00 4.439116874037862814e+00
3.378132382787509602e+00 4.341789340785639162e+00
3.407735050918572650e+00 4.246560968144231119e+00
3.437597128054730167e+00 4.153387375881964161e+00
3.467720887404305952e+00 4.062225099588831156e+00
3.498108622095827958e+00 3.973031572329058125e+00
3.528762645352567340e+00 3.885765106647887990e+00
3.559685290668641144e+00 3.800384876926106159e+00
3.590878911986624455e+00 3.716850902076251018e+00
3.622345883876772810e+00 3.635124028573486488e+00
3.654088601717766505e+00 3.555165913815689027e+00
3.686109481879038086e+00 3.476939009806254255e+00
3.718410961904752288e+00 3.400406547153544956e+00
3.750995500699340734e+00 3.325532519381552365e+00
3.783865578714663780e+00 3.252281667165927370e+00
3.817023698138868326e+00 3.180619455254637185e+00
3.850472383086848804e+00 3.110512058671401459e+00
3.884214179792366828e+00 3.041926356701560419e+00
3.918251656801921889e+00 2.974829918964638775e+00
3.952587405170250090e+00 2.909190991395352643e+00
3.987224038657582348e+00 2.844978482500256423e+00
4.022164193928579046e+00 2.782161949885106456e+00
4.057410530753088551e+00 2.720711587047902391e+00
4.092965732208596386e+00 2.660598210432172372e+00
4.128832504884451637e+00 2.601793246736165521e+00
4.165013579087939455e+00 2.544268720472330880e+00
4.201511709052105026e+00 2.487997241773175716e+00
4.238329673145392995e+00 2.432951994438032894e+00
4.275470274083190247e+00 2.379106724216631275e+00
4.312936339141155706e+00 2.326435727324786651e+00
4.350730720370420634e+00 2.274913839187845177e+00
4.388856294814743819e+00 2.224516423407358001e+00
4.427315964729491959e+00 2.175219360947004965e+00
4.466112657802581154e+00 2.126999039533283398e+00
4.505249327377316426e+00 2.079832343267072670e+00
4.544728952677256295e+00 2.033696642441841451e+00
4.584554539032978049e+00 1.988569783564684501e+00
4.624729118110830761e+00 1.944430079576237924e+00
4.665255748143763981e+00 1.901256300265623977e+00
4.706137514164105973e+00 1.859027662840206929e+00
4.747377528238388322e+00 1.817723822558733326e+00
4.788978929704290621e+00 1.777324863858812831e+00
4.830944885409586220e+00 1.737811291588531315e+00
4.873278589953237372e+00 1.699164022340377667e+00
4.915983265928534962e+00 1.661364375958696016e+00
4.959062164168472897e+00 1.624394067217327375e+00
5.002518563993183953e+00 1.588235197664321419e+00
5.046355773459549887e+00 1.552870247630242950e+00
5.090577129613073737e+00 1.518282068397083462e+00
5.135185998741878421e+00 1.484453874524595873e+00
5.180185776632938222e+00 1.451369236330981805e+00
5.225579888830631958e+00 1.419012072524932222e+00
5.271371790897475762e+00 1.387366642986118448e+00
5.317564968677151782e+00 1.356417541691185003e+00
5.364162938559915439e+00 1.326149689782474939e+00
5.411169247750232891e+00 1.296548328776568670e+00
5.458587474536838791e+00 1.267599013910143180e+00
5.506421228565078430e+00 1.239287607620214615e+00
5.554674151111751890e+00 1.211600273156281604e+00
5.603349915362263900e+00 1.184523468321770023e+00
5.652452226690222403e+00 1.158043939342235040e+00
5.701984822939550668e+00 1.132148714857790450e+00
5.751951474709009027e+00 1.106825100037434728e+00
5.802355985639183089e+00 1.082060670796482160e+00
5.853202192702101847e+00 1.057843266592333187e+00
5.904493966493284063e+00 1.034160983786231780e+00
5.956235211526355933e+00 1.011002172988838321e+00
6.008429866530335950e+00 9.883554340480900091e-01
6.061081904749422655e+00 9.662096108238588110e-01
6.114195334245478008e+00 9.445537860695445431e-01
6.167774198203086478e+00 9.233772764185115278e-01
6.221822575237403008e+00 9.026696274732572967e-01
6.276344579704606907e+00 8.824206089953510190e-01
6.331344362015055793e+00 8.626202101940295686e-01
6.386826108949305691e+00 8.432586351115139989e-01
6.442794043976783236e+00 8.243262981031749259e-01
6.499252427577267177e+00 8.058138194105707308e-01
6.556205557565268904e+00 7.877120208255130596e-01
6.613657769417168986e+00 7.700119214434218984e-01
6.671613436601216307e+00 7.527047335040707443e-01
6.730076970910512379e+00 7.357818583180042449e-01
6.789052822798820941e+00 7.192348822769902839e-01
6.848545481719360950e+00 7.030555729467059534e-01
6.908559476466522575e+00 6.872358752400739013e-01
6.969099375520684703e+00 6.717679076695945994e-01
7.030169787395942116e+00 6.566439586771407599e-01
7.091775360990894228e+00 6.418564830396030763e-01
7.153920785942603722e+00 6.273980983488355312e-01
7.216610792983555456e+00 6.132615815582814767e-01
7.279850154301734655e+00 5.994398655401919074e-01
7.343643683903979813e+00 5.859260358121723966e-01
7.407996237982410470e+00 5.727133273509199540e-01
7.472912715284048879e+00 5.597951214223060301e-01
7.538398057483816750e+00 5.471649424763597169e-01
7.604457249560653054e+00 5.348164551067524641e-01
7.671095320177023780e+00 5.227434610734271736e-01
7.738317342061663773e+00 5.109398963871603083e-01
7.806128432395806449e+00 4.993998284547237487e-01
7.874533753202694442e+00 4.881174532835005353e-01
7.943538511740475094e+00 4.770870927442850684e-01
8.013147960898692190e+00 4.663031918911114126e-01
8.083367399598099468e+00 4.557603163369521315e-01
8.154202173194008196e+00 4.454531496841646065e-01
8.225657673883260301e+00 4.353764910085181072e-01
8.297739341114670708e+00 4.255252523957844812e-01
8.370452662003057043e+00 4.158944565297786888e-01
8.443803171747019221e+00 4.064792343307946365e-01
8.517796454050239774e+00 3.972748226434265062e-01
8.592438141546566044e+00 3.882765619727864825e-01
8.667733916228728575e+00 3.794798942680803200e-01
8.743689509880969268e+00 3.708803607526139356e-01
8.820310704515303968e+00 3.624735997992707404e-01
8.897603332811645060e+00 3.542553448505056379e-01
8.975573278561881807e+00 3.462214218555388912e-01
9.054226477117740757e+00 3.383677460215446797e-01
9.133568915842547042e+00 3.306903214574905547e-01
9.213606634567106823e+00 3.231852396847499365e-01
9.294345726049423106e+00 3.158486777531373524e-01
9.375792336438509622e+00 3.086768963968618551e-01
9.457952665742222820e+00 3.016662382296042000e-01
9.540832968299293171e+00 2.948131259778514757e-01
9.624439553255406565e+00 2.881140607517572172e-01
9.708778785043415738e+00 2.815656203526959445e-01
9.793857083867925084e+00 2.751644576167601719e-01
9.879680926193968205e+00 2.689072987934624237e-01
9.966256845239977125e+00 2.627909419589025686e-01
1.005359143147520662e+01 2.568122554626626197e-01
1.014169133312137383e+01 2.509681764077593691e-01
1.023056325665870503e+01 2.452557091629370134e-01
1.032021396733654051e+01 2.396719239066253115e-01
1.041065028968828265e+01 2.342139552019226190e-01
1.050187910805091818e+01 2.288790006019338907e-01
1.059390736708902025e+01 2.236643192848365991e-01
1.068674207232350959e+01 2.185672307180500373e-01
1.078039029066487409e+01 2.135851133509004962e-01
1.087485915095109057e+01 2.087154033351890370e-01
1.097015584449037817e+01 2.039555932730676424e-01
1.106628762560861823e+01 1.993032310404412311e-01
1.116326181220146374e+01 1.947559201557649000e-01
1.126108578629157542e+01 1.903113187731218514e-01
1.135976699459046735e+01 1.859671365450419334e-01
1.145931294906534248e+01 1.817211333912204796e-01
1.155973122751103510e+01 1.775711184166327006e-01
1.166102947412679747e+01 1.735149488523827499e-01
1.176321540009821653e+01 1.695505290188223102e-01
1.186629678418417022e+01 1.656758093104861163e-01
1.197028147330906656e+01 1.618887852023907503e-01
1.207517738316013123e+01 1.581874962772711057e-01
1.218099249878992474e+01 1.545700252733240299e-01
1.228773487522429875e+01 1.510344971520256874e-01
1.239541263807551985e+01 1.475790781856329836e-01
1.250403398416076328e+01 1.442019750639459419e-01
1.261360718212620391e+01 1.409014340199503390e-01
1.272414057307639546e+01 1.376757399739408083e-01
1.283564257120915109e+01 1.345232156957544278e-01
1.294812166445620250e+01 1.314422209847357637e-01
1.306158641512924845e+01 1.284311518670725460e-01
1.317604546057177473e+01 1.254884398101403231e-01
1.329150751381648909e+01 1.226125509535116037e-01
1.340798136424871068e+01 1.198019853562753423e-01
1.352547587827539211e+01 1.170552762603433022e-01
1.364399999999998059e+01 1.143709893694019319e-01
