5.882535965554679547e-04 0.000000000000000000e+00
1.764760789666403647e-03 0.000000000000000000e+00
2.941267982777339123e-03 0.000000000000000000e+00
4.117775175888275033e-03 0.000000000000000000e+00
5.294282368999211376e-03 0.000000000000000000e+00
6.470789562110145984e-03 0.000000000000000000e+00
7.647296755221082327e-03 0.000000000000000000e+00
8.823803948332018671e-03 0.000000000000000000e+00
1.000031114144295415e-02 0.000000000000000000e+00
1.117681833455389136e-02 0.000000000000000000e+00
1.235332552766482683e-02 0.000000000000000000e+00
1.352983272077576057e-02 0.000000000000000000e+00
1.470633991388669605e-02 0.000000000000000000e+00
1.588284710699763153e-02 0.000000000000000000e+00
1.705935430010856874e-02 0.000000000000000000e+00
1.823586149321950595e-02 0.000000000000000000e+00
1.941236868633043969e-02 0.000000000000000000e+00
2.058887587944137690e-02 0.000000000000000000e+00
2.176538307255231411e-02 0.000000000000000000e+00
2.294189026566324785e-02 0.000000000000000000e+00
2.411839745877418506e-02 0.000000000000000000e+00
2.529490465188512227e-02 0.000000000000000000e+00
2.647141184499605948e-02 0.000000000000000000e+00
2.764791903810698975e-02 0.000000000000000000e+00
2.882442623121792696e-02 0.000000000000000000e+00
3.000093342432886070e-02 0.000000000000000000e+00
3.117744061743979792e-02 0.000000000000000000e+00
3.235394781055073166e-02 0.000000000000000000e+00
3.353045500366166887e-02 0.000000000000000000e+00
3.470696219677260608e-02 0.000000000000000000e+00
3.588346938988354329e-02 0.000000000000000000e+00
3.705997658299448050e-02 0.000000000000000000e+00
3.823648377610541771e-02 0.000000000000000000e+00
3.941299096921634798e-02 0.000000000000000000e+00
4.058949816232728519e-02 0.000000000000000000e+00
4.176600535543822240e-02 0.000000000000000000e+00
4.294251254854915961e-02 0.000000000000000000e+00
4.411901974166009682e-02 0.000000000000000000e+00
4.529552693477103403e-02 0.000000000000000000e+00
4.647203412788196430e-02 0.000000000000000000e+00
4.764854132099290152e-02 0.000000000000000000e+00
4.882504851410383873e-02 0.000000000000000000e+00
5.000155570721477594e-02 0.000000000000000000e+00
5.117806290032571315e-02 0.000000000000000000e+00
5.235457009343665036e-02 0.000000000000000000e+00
5.353107728654758063e-02 0.000000000000000000e+00
5.470758447965851784e-02 0.000000000000000000e+00
5.588409167276944811e-02 0.000000000000000000e+00
5.706059886588038532e-02 0.000000000000000000e+00
5.823710605899132253e-02 0.000000000000000000e+00
5.941361325210225280e-02 0.000000000000000000e+00
6.059012044521319001e-02 0.000000000000000000e+00
6.176662763832412723e-02 0.000000000000000000e+00
6.294313483143505750e-02 0.000000000000000000e+00
6.411964202454599471e-02 0.000000000000000000e+00
6.529614921765693192e-02 0.000000000000000000e+00
6.647265641076786913e-02 2.466522775913635269e+07
6.764916360387880634e-02 2.945746313928945735e+07
6.882567079698974355e-02 2.073612258684832230e+07
7.000217799010068076e-02 1.638932455462989025e+07
7.117868518321161797e-02 1.236867356393360347e+07
7.235519237632255518e-02 1.376235195031748898e+07
7.353169956943349239e-02 1.168036106127492152e+07
7.470820676254442960e-02 8.141108360342574306e+06
7.588471395565536681e-02 7.948930792407164350e+06
7.706122114876629015e-02 1.082413445884685218e+07
7.823772834187722736e-02 7.554250073824622668e+06
7.941423553498816457e-02 7.379307927968089469e+06
8.059074272809910178e-02 7.209473581990579143e+06
8.176724992121003899e-02 8.508689542982596904e+06
8.294375711432097620e-02 6.876104104507307522e+06
8.412026430743191341e-02 6.720433490856977180e+06
8.529677150054285062e-02 3.980766216754206456e+06
8.647327869365378783e-02 6.446830227363720536e+06
8.764978588676472504e-02 6.303190294493183494e+06
8.882629307987566225e-02 6.163355392956965603e+06
9.000280027298659946e-02 3.658390805090909358e+06
9.117930746609753667e-02 7.164509468711936846e+06
9.235581465920846000e-02 5.781338892434550449e+06
9.353232185231939722e-02 3.433559234241149854e+06
9.470882904543033443e-02 5.554858759889091365e+06
9.588533623854127164e-02 3.301332039558825083e+06
9.706184343165220885e-02 5.339359482254925184e+06
9.823835062476314606e-02 5.224464820533414371e+06
9.941485781787408327e-02 4.197874178810380399e+06
1.005913650109850205e-01 5.017531323671259917e+06
1.017678722040959577e-01 2.985551744030450005e+06
1.029443793972068949e-01 4.826628060444027185e+06
1.041208865903178321e-01 2.873907660570698325e+06
1.052973937834287693e-01 2.825095622077416163e+06
1.064739009765396927e-01 4.566258058455943130e+06
1.076504081696506299e-01 2.720619238008761313e+06
1.088269153627615671e-01 5.333935256236423738e+06
1.100034225558725043e-01 2.614463646246711724e+06
1.111799297489834415e-01 4.225751291688625701e+06
1.123564369420943648e-01 2.518774377234979067e+06
1.135329441352053020e-01 2.477183246024481021e+06
1.147094513283162392e-01 4.002563036574211437e+06
1.158859585214271765e-01 2.387195790286652744e+06
1.170624657145380998e-01 3.855084655084876344e+06
1.182389729076490370e-01 3.113102628271567635e+06
1.194154801007599742e-01 2.257731095615006518e+06
1.205919872938709114e-01 3.648023519285353366e+06
1.217684944869818486e-01 2.176331481225082651e+06
1.229450016800927858e-01 2.141201325571464375e+06
1.241215088732037231e-01 3.458187769935158081e+06
1.252980160663146603e-01 2.064283010554844048e+06
1.264745232594255975e-01 2.031175542693142779e+06
1.276510304525365347e-01 3.983580021431259345e+06
1.288275376456474719e-01 1.953123849185194587e+06
1.300040448387584091e-01 1.921921191866070265e+06
1.311805520318693463e-01 3.104006244622181170e+06
1.323570592249802835e-01 1.853003500471765874e+06
1.335335664180912207e-01 2.227718574237257987e+07
1.347100736112021580e-01 1.584948035605975799e+07
1.358865808043130952e-01 9.279220221146691591e+06
1.370630879974240324e-01 8.416901104576682672e+06
1.382395951905349696e-01 8.185760555152320303e+06
1.394161023836458790e-01 6.532158513326358050e+06
1.405926095767568162e-01 6.566980225133577362e+06
1.417691167698677535e-01 5.217619650221917778e+06
1.429456239629786907e-01 7.289782621465346776e+06
1.441221311560896279e-01 3.844632362719990313e+06
1.452986383492005651e-01 5.436288241763363592e+06
1.464751455423115023e-01 4.790467020454871468e+06
1.476516527354224395e-01 5.636422748834815808e+06
1.488281599285333767e-01 3.543999629108978435e+06
1.500046671216443139e-01 4.505502168176052161e+06
1.511811743147552511e-01 3.411886973119427916e+06
1.523576815078661884e-01 4.233479259202862158e+06
1.535341887009771256e-01 4.249498774547484703e+06
1.547106958940880628e-01 3.687302826303320471e+06
1.558872030871990000e-01 3.158758790051672142e+06
1.570637102803099372e-01 3.923178547250301577e+06
1.582402174734208744e-01 3.041687671449018177e+06
1.594167246665318116e-01 2.987842413567539770e+06
1.605932318596427488e-01 2.934786097193482332e+06
1.617697390527536860e-01 3.645147687259079888e+06
1.629462462458646232e-01 2.824330356642286293e+06
1.641227534389755605e-01 3.177467614859818947e+06
1.652992606320864977e-01 2.719474401397631038e+06
1.664757678251974349e-01 3.378772908005121630e+06
1.676522750183083721e-01 2.615141091399392579e+06
1.688287822114192815e-01 2.567270109776461031e+06
1.700052894045302188e-01 2.520061702293639071e+06
1.711817965976411560e-01 1.752788465341822011e+06
1.723583037907520932e-01 3.436910940754615702e+06
1.735348109838630304e-01 2.381497622887020465e+06
1.747113181769739676e-01 2.336811815517469775e+06
1.758878253700849048e-01 1.623596097372887889e+06
1.770643325631958420e-01 2.857367234511530027e+06
1.782408397563067792e-01 2.209329699368685950e+06
1.794173469494177164e-01 2.166944948740095831e+06
1.805938541425286537e-01 1.504882233634301927e+06
1.817703613356395909e-01 2.394162009951457381e+06
1.829468685287505281e-01 2.592462460910487454e+06
1.841233757218614653e-01 1.415788338600074407e+06
1.852998829149724025e-01 1.971124990652338834e+06
1.864763901080833397e-01 1.366004127328521339e+06
1.876528973011942769e-01 1.901713379173776833e+06
1.888294044943052141e-01 2.356241467278753873e+06
1.900059116874161513e-01 1.285808159536989871e+06
1.911824188805270885e-01 2.045623406965711620e+06
1.923589260736380258e-01 1.235620094802911161e+06
1.935354332667489630e-01 2.175227294648963492e+06
1.947119404598599002e-01 1.184560763516397914e+06
1.958884476529708374e-01 1.653258888556150720e+06
1.970649548460817746e-01 1.617989612973777810e+06
1.982414620391926841e-01 1.116385924478268251e+06
1.994179692323036213e-01 3.220182512998356018e+06
2.005944764254145585e-01 1.362186098745386675e+07
2.017709836185254957e-01 7.063868333847973496e+06
2.029474908116364329e-01 5.185201406569651328e+06
2.041239980047473701e-01 4.306368459405008703e+06
2.053005051978583073e-01 4.140021404674332123e+06
2.064770123909692445e-01 4.080397202871764079e+06
2.076535195840801817e-01 3.048170765761853661e+06
2.088300267771911189e-01 3.547932442094836384e+06
2.100065339703020562e-01 2.900001538534911349e+06
2.111830411634129934e-01 2.346407422716648784e+06
2.123595483565239306e-01 3.459024048693231773e+06
2.135360555496348678e-01 2.234394164105399046e+06
2.147125627427458050e-01 2.542841243648852687e+06
2.158890699358567422e-01 2.137354741226425394e+06
2.170655771289676794e-01 2.431766395423576701e+06
2.182420843220786166e-01 2.462666537063440774e+06
2.194185915151895538e-01 2.315058998181265313e+06
2.205950987083004911e-01 1.536776648267703597e+06
2.217716059014114283e-01 1.904985120276338421e+06
2.229481130945223655e-01 1.779039987165725557e+06
2.241246202876333027e-01 2.063645424378058407e+06
2.253011274807442399e-01 1.694412666028994834e+06
2.264776346738551216e-01 1.736381923583742231e+06
2.276541418669660588e-01 1.448123222030071076e+06
2.288306490600769960e-01 1.580784814697107300e+06
2.300071562531879332e-01 1.620338680508540478e+06
2.311836634462988704e-01 1.446494776855304372e+06
2.323601706394098076e-01 1.468862382274724077e+06
2.335366778325207449e-01 1.183999007819213672e+06
2.347131850256316821e-01 1.715800905605851673e+06
2.358896922187426193e-01 1.207170687334256712e+06
2.370661994118535565e-01 1.095612898030084325e+06
2.382427066049644937e-01 1.458713609337490052e+06
2.394192137980754309e-01 1.037383226038651192e+06
2.405957209911863681e-01 1.012631326697393437e+06
2.417722281842973053e-01 1.196263447287222371e+06
2.429487353774082425e-01 9.605058217161821667e+05
2.441252425705191798e-01 1.069473840309763094e+06
2.453017497636301170e-01 1.155337649397144327e+06
2.464782569567410542e-01 8.786952175911202794e+05
2.476547641498519914e-01 1.035659971335623180e+06
2.488312713429629008e-01 8.290685293622425525e+05
2.500077785360738658e-01 5.659834188845657045e+05
2.511842857291847753e-01 1.051805220421862788e+06
2.523607929222957402e-01 7.579718398398153950e+05
2.535373001154066497e-01 7.357799510737443343e+05
2.547138073085176146e-01 8.927724312935363268e+05
2.558903145016285241e-01 6.861931672439521644e+05
2.570668216947394891e-01 4.541405823238283047e+05
2.582433288878503985e-01 7.145141006358593004e+05
2.594198360809613635e-01 7.535120665324417641e+05
2.605963432740722729e-01 5.980117353130346164e+05
2.617728504671832379e-01 5.772369401464659022e+05
2.629493576602941474e-01 4.866811964243023540e+05
2.641258648534050568e-01 5.423886249333996093e+05
2.653023720465160218e-01 5.512011383690409129e+05
2.664788792396269312e-01 4.081490598745902535e+06
2.676553864327378962e-01 3.562176649773764890e+06
2.688318936258488057e-01 2.485831589232599363e+06
2.700084008189597706e-01 2.095232860434152884e+06
2.711849080120706801e-01 1.672106897348751780e+06
2.723614152051816450e-01 1.423495664595652372e+06
2.735379223982925545e-01 1.215597727210184326e+06
2.747144295914035195e-01 1.398499814923929051e+06
2.758909367845144289e-01 1.280740914324355545e+06
2.770674439776253939e-01 9.247408041779444320e+05
2.782439511707363033e-01 1.097801324955985416e+06
2.794204583638472683e-01 8.346503995506113861e+05
2.805969655569581778e-01 8.494708467751903227e+05
2.817734727500691427e-01 9.505842856799378060e+05
2.829499799431800522e-01 6.903718435728981858e+05
2.841264871362910172e-01 7.436949843958824640e+05
2.853029943294019266e-01 7.216620498422686942e+05
2.864795015225128916e-01 7.696966510384388966e+05
2.876560087156238010e-01 6.762557653683177195e+05
2.888325159087347660e-01 4.130932006886469317e+05
2.900090231018456755e-01 6.399825696492583957e+05
2.911855302949566404e-01 5.416943492829761235e+05
2.923620374880675499e-01 5.987407835455695167e+05
2.935385446811784593e-01 5.779069862373491051e+05
2.947150518742894243e-01 3.479304457884667790e+05
2.958915590674003337e-01 5.486232578356410377e+05
2.970680662605112987e-01 3.224057905502637150e+05
2.982445734536222082e-01 5.061942283687071176e+05
2.994210806467331731e-01 3.027038705356735154e+05
3.005975878398440826e-01 4.779303059526903089e+05
3.017740950329550476e-01 2.859988371752224048e+05
3.029506022260659570e-01 4.501054347586699296e+05
3.041271094191769220e-01 2.695522956269252463e+05
3.053036166122878314e-01 3.234569268539965269e+05
3.064801238053987964e-01 3.522298207864351571e+05
3.076566309985097059e-01 3.016361442037135130e+05
3.088331381916206708e-01 2.391631655324837775e+05
3.100096453847315803e-01 2.818920685556570534e+05
3.111861525778425452e-01 3.129952726177626755e+05
3.123626597709534547e-01 2.607131422036709264e+05
3.135391669640644197e-01 2.096862794934101694e+05
3.147156741571753291e-01 2.415702714400716650e+05
3.158921813502862941e-01 1.961336660469087074e+05
3.170686885433972035e-01 1.902860921711998235e+05
3.182451957365081685e-01 2.150870214692108566e+05
3.194217029296190780e-01 1.770261424999614537e+05
3.205982101227300429e-01 1.966302666516186146e+05
3.217747173158408969e-01 1.639601226228179585e+05
3.229512245089519173e-01 1.784424627239002730e+05
3.241277317020627713e-01 1.510838090233825496e+05
3.253042388951737918e-01 1.605177735003803391e+05
3.264807460882846457e-01 1.383930999442993489e+05
3.276572532813956662e-01 1.329418231277789164e+05
3.288337604745065201e-01 1.357572667980591359e+05
3.300102676676175406e-01 1.205161981807044940e+05
3.311867748607283946e-01 1.184542253115526546e+05
3.323632820538394150e-01 1.082665112859780056e+05
3.335397892469502690e-01 1.030176435443814989e+05
3.347162964400612895e-01 9.942229741954678320e+04
3.358928036331721434e-01 4.832880887764053477e+04
3.370693108262831639e-01 9.391223777453550429e+04
3.382458180193940178e-01 9.038607928150724911e+04
3.394223252125050383e-01 8.688436556139425375e+04
3.405988324056158922e-01 8.340684330048756965e+04
3.417753395987269127e-01 7.995326267304667272e+04
3.429518467918377667e-01 3.865613903909389774e+04
3.441283539849487871e-01 7.468935149765270762e+04
3.453048611780596411e-01 7.130077336999091494e+04
3.464813683711706616e-01 6.793520765745751851e+04
3.476578755642815155e-01 6.459242073147258634e+04
3.488343827573925360e-01 3.102388967862028221e+04
3.500108899505033899e-01 5.952024481577651022e+04
3.511873971436144104e-01 5.623924456858430494e+04
3.523639043367252643e-01 2.687399124706861767e+04
3.535404115298362848e-01 5.127330119888778427e+04
3.547169187229471388e-01 4.805230076714656752e+04
3.558934259160581592e-01 4.485259620602842188e+04
3.570699331091690132e-01 2.121584284282583758e+04
3.582464403022800337e-01 4.002667605539231590e+04
3.594229474953908876e-01 3.688466294564933196e+04
3.605994546885018526e-01 1.725672232164363959e+04
3.617759618816127620e-01 3.215764889898937690e+04
3.629524690747237270e-01 2.907169759308959692e+04
3.641289762678346364e-01 1.337435373302071639e+04
3.653054834609456014e-01 2.444068023836233260e+04
3.664819906540565109e-01 2.140922274491304051e+04
3.676584978471674758e-01 9.566526621299350154e+03
3.688350050402783853e-01 1.687140475784298542e+04
3.700115122333893503e-01 1.389293183660631075e+04
3.711880194265002597e-01 5.831114605205018051e+03
3.723645266196112247e-01 9.445622651361918543e+03
3.735410338127220786e-01 3.621489484138155149e+03
3.747175410058330991e-01 5.054166642698304713e+03
3.758940481989439530e-01 2.159291852044816096e+03
