# pythoncamb#
6.822000000000000752e-05 1.329510694670240127e+03
6.881781375951727875e-05 1.340851321295110665e+03
6.942086617765471680e-05 1.352288563820478657e+03
7.002920316092368848e-05 1.363823233590587279e+03
7.064287101811556296e-05 1.375456156240130440e+03
7.126191646382699517e-05 1.387188176550434491e+03
7.188638662201589206e-05 1.399020147796017000e+03
7.251632902958872592e-05 1.410952930762194683e+03
7.315179164001924883e-05 1.422987393813187964e+03
7.379282282699878455e-05 1.435124412142114124e+03
7.443947138811869409e-05 1.447364857058062398e+03
7.509178654858497432e-05 1.459709598637109593e+03
7.574981796496546398e-05 1.472159513886284913e+03
7.641361572896994165e-05 1.484715486994211233e+03
7.708323037126316992e-05 1.497378409387446254e+03
7.775871286531153630e-05 1.510149181148978641e+03
7.844011463126339921e-05 1.523028717030135113e+03
7.912748753986324757e-05 1.536017941904067584e+03
7.982088391640035157e-05 1.549117788496891990e+03
8.052035654469198592e-05 1.562329197452770586e+03
8.122595867110144244e-05 1.575653117394195760e+03
8.193774400859141476e-05 1.589090503490887841e+03
8.265576674081275509e-05 1.602642315569576567e+03
8.338008152622917231e-05 1.616309521008127831e+03
8.411074350227800691e-05 1.630093095254983382e+03
8.484780828956748927e-05 1.643994021895100559e+03
8.559133199611086088e-05 1.658013292916259616e+03
8.634137122159730418e-05 1.672151913495922372e+03
8.709798306170077884e-05 1.686410902440480186e+03
8.786122511242618169e-05 1.700791287552430049e+03
8.863115547449379255e-05 1.715294105477020366e+03
8.940783275776215502e-05 1.729920401779304939e+03
9.019131608568958195e-05 1.744671229203653411e+03
9.098166509983494975e-05 1.759547634956367119e+03
9.177893996439772718e-05 1.774550667844124519e+03
9.258320137079799773e-05 1.789681385054720749e+03
9.339451054229640768e-05 1.804940852262148610e+03
9.421292923865474467e-05 1.820330143691893227e+03
9.503851976083730940e-05 1.835850348338307867e+03
9.587134495575348693e-05 1.851502584333654568e+03
9.671146822104192433e-05 1.867287983616057545e+03
9.755895350989646361e-05 1.883207687998412439e+03
9.841386533593460251e-05 1.899262849256706431e+03
9.927626877810846956e-05 1.915454629010859662e+03
1.001462294856588555e-04 1.931784188429476217e+03
1.010238136831126941e-04 1.948252683073194703e+03
1.019090881753242770e-04 1.964861276700635017e+03
1.028021203525606770e-04 1.981611142523125409e+03
1.037029781956317861e-04 1.998503463277651463e+03
1.046117302810652258e-04 2.015539431939854921e+03
1.055284457863265912e-04 2.032720259183761982e+03
1.064531944950855699e-04 2.050047171186187825e+03
1.073860468025281123e-04 2.067521404538244497e+03
1.083270737207151147e-04 2.085144206230775126e+03
1.092763468839881292e-04 2.102916833741176106e+03
1.102339385544224670e-04 2.120840554333818545e+03
1.111999216273279928e-04 2.138916642097270142e+03
1.121743696367982074e-04 2.157146380561323895e+03
1.131573567613079561e-04 2.175531063896135947e+03
1.141489578293600486e-04 2.194071996998563463e+03
1.151492483251816303e-04 2.212770495583431057e+03
1.161583043944701686e-04 2.231627886950499487e+03
1.171762028501900459e-04 2.250645510829377599e+03
1.182030211784197422e-04 2.269824718275608575e+03
1.192388375442504514e-04 2.289166871591951349e+03
1.202837307977362095e-04 2.308673344420312787e+03
1.213377804798962682e-04 2.328345521758590166e+03
1.224010668287700120e-04 2.348184798523134759e+03
1.234736707855250818e-04 2.368192579655849386e+03
1.245556740006187877e-04 2.388370281640700341e+03
1.256471588400136501e-04 2.408719332656059123e+03
1.267482083914474224e-04 2.429241172668753279e+03
1.278589064707580283e-04 2.449937253315659746e+03
1.289793376282639286e-04 2.470809036668104000e+03
1.301095871552002982e-04 2.491857996137021928e+03
1.312497410902118788e-04 2.513085617218015614e+03
1.323998862259024006e-04 2.534493397589957567e+03
1.335601101154416286e-04 2.556082847212592696e+03
1.347305010792301436e-04 2.577855489864683022e+03
1.359111482116226964e-04 2.599812866164704246e+03
1.371021413877103533e-04 2.621956530305954402e+03
1.383035712701620825e-04 2.644288049383989346e+03
1.395155293161262980e-04 2.666809003501707139e+03
1.407381077841930630e-04 2.689520985704863051e+03
1.419713997414169830e-04 2.712425595189584783e+03
1.432154990704018161e-04 2.735524434749786451e+03
1.444705004764472629e-04 2.758819119377794777e+03
1.457364994947581247e-04 2.782311277001865619e+03
1.470135924977168879e-04 2.806002548583569478e+03
1.483018767022199779e-04 2.829894589578255363e+03
1.496014501770781167e-04 2.853989083886834123e+03
1.509124118504816779e-04 2.878287738801252544e+03
1.522348615175317453e-04 2.902792276085777303e+03
1.535688998478364664e-04 2.927504431958023360e+03
1.549146283931745734e-04 2.952425957209653461e+03
1.562721495952259338e-04 2.977558611114761334e+03
1.576415667933697023e-04 3.002904140237058982e+03
1.590229842325508846e-04 3.028464297431154591e+03
1.604165070712157220e-04 3.054240849192893165e+03
1.618222413893170603e-04 3.080235575755474201e+03
1.632402941963891356e-04 3.106450271299847827e+03
1.646707734396938628e-04 3.132886756393354062e+03
1.661137880124379494e-04 3.159546889682813799e+03
1.675694477620622447e-04 3.186432547814617010e+03
1.690378634986038661e-04 3.213545623016593709e+03
1.705191470031314270e-04 3.240888023225603774e+03
1.720134110362539644e-04 3.268461671485007173e+03
1.735207693467050822e-04 3.296268493334860977e+03
1.750413366800014983e-04 3.324310418090230542e+03
1.765752287871782717e-04 3.352589389998872775e+03
1.781225624335999237e-04 3.381107368742990275e+03
1.796834554078491071e-04 3.409866329553639844e+03
1.812580265306931477e-04 3.438868263391466826e+03
1.828463956641290008e-04 3.468115177426628634e+03
1.844486837205077344e-04 3.497609094914191701e+03
1.860650126717385922e-04 3.527352055147058763e+03
1.876955055585741009e-04 3.557346113574213177e+03
1.893402864999764392e-04 3.587593341926479297e+03
1.909994807025654998e-04 3.618095832218292344e+03
1.926732144701504641e-04 3.648855703710651142e+03
1.943616152133442352e-04 3.679875094587081094e+03
1.960648114592624400e-04 3.711156160359642854e+03
1.977829328613073777e-04 3.742701074004392467e+03
1.995161102090378647e-04 3.774512025495738726e+03
2.012644754381249753e-04 3.806591201819253911e+03
2.030281616403961447e-04 3.838940781565792349e+03
2.048073030739658187e-04 3.871562958163080111e+03
2.066020351734563631e-04 3.904459941499620527e+03
2.084124945603071455e-04 3.937633958030678059e+03
2.102388190531753417e-04 3.971087253997385687e+03
2.120811476784267564e-04 4.004822123485606880e+03
2.139396206807189923e-04 4.038840896404095020e+03
2.158143795336776426e-04 4.073145921653112055e+03
2.177055669506655362e-04 4.107739567069762415e+03
2.196133268956467410e-04 4.142624219574940980e+03
2.215378045941454631e-04 4.177802280991112639e+03
2.234791465443012768e-04 4.213276155086557083e+03
2.254375005280209840e-04 4.249048260110022966e+03
2.274130156222284587e-04 4.285121033094103041e+03
2.294058422102126659e-04 4.321496929988892589e+03
2.314161319930756438e-04 4.358178425653283739e+03
2.334440380012803686e-04 4.395168002361161598e+03
2.354897146062999642e-04 4.432468140848114672e+03
2.375533175323691802e-04 4.470081338160855921e+03
2.396350038683384349e-04 4.508010109744718648e+03
2.417349320796323756e-04 4.546256989557485213e+03
2.438532620203121427e-04 4.584824531627934448e+03
2.459901549452449157e-04 4.623715332008824589e+03
2.481457735223784912e-04 4.662932025255268854e+03
2.503202818451245523e-04 4.702477266922435774e+03
2.525138454448498161e-04 4.742353733195809582e+03
2.547266313034769834e-04 4.782564121039295060e+03
2.569588078661961964e-04 4.823111145402712282e+03
2.592105450542870845e-04 4.863997524854963558e+03
2.614820142780547056e-04 4.905225992155655149e+03
2.637733884498769435e-04 4.946799300516323456e+03
2.660848419973678609e-04 4.988720223742917369e+03
2.684165508766554894e-04 5.030991556354078057e+03
2.707686925857765510e-04 5.073616108031676049e+03
2.731414461781874609e-04 5.116596695092350274e+03
2.755349922763957295e-04 5.159936152147829489e+03
2.779495130857084599e-04 5.203637334317520981e+03
2.803851924081030879e-04 5.247703117350456523e+03
2.828422156562189569e-04 5.292136398234236367e+03
2.853207698674712993e-04 5.336940108940987557e+03
2.878210437182898468e-04 5.382117218919255720e+03
2.903432275384805515e-04 5.427670720641979642e+03
2.928875133257154064e-04 5.473603628922487587e+03
2.954540947601467854e-04 5.519918981061573504e+03
2.980431672191520510e-04 5.566619834871032253e+03
3.006549277922056099e-04 5.613709251938439593e+03
3.032895752958826986e-04 5.661190306109288940e+03
3.059473102889936533e-04 5.709066093158128751e+03
3.086283350878511571e-04 5.757339731000673964e+03
3.113328537816714941e-04 5.806014359822418555e+03
3.140610722481104082e-04 5.855093138479871413e+03
3.168131981689351908e-04 5.904579234714978156e+03
3.195894410458343543e-04 5.954475835279969942e+03
3.223900122163655415e-04 6.004786149014317743e+03
3.252151248700430259e-04 6.055513406960739303e+03
3.280649940645672964e-04 6.106660862659085979e+03
3.309398367421947213e-04 6.158231803446166850e+03
3.338398717462534170e-04 6.210229557705610205e+03
3.367653198378013093e-04 6.262657479112253895e+03
3.397164037124314299e-04 6.315518945210726997e+03
3.426933480172249897e-04 6.368817357554539740e+03
3.456963793678514149e-04 6.422556140337494071e+03
3.487257263658199015e-04 6.476738720636172729e+03
3.517816196158805343e-04 6.531368533299118099e+03
3.548642917435797977e-04 6.586449036046366018e+03
3.579739774129679815e-04 6.641983709944505790e+03
3.611109133444632014e-04 6.697976059520301533e+03
3.642753383328707845e-04 6.754429614369659248e+03
3.674674932655619787e-04 6.811347935821588180e+03
3.706876211408108475e-04 6.868734611989269069e+03
3.739359670862916801e-04 6.926593255319422497e+03
3.772127783777397378e-04 6.984927502712744172e+03
3.805183044577740872e-04 7.043741015582512773e+03
3.838527969548870223e-04 7.103037465853266440e+03
3.872165097025976341e-04 7.162820517590258532e+03
3.906096987587757627e-04 7.223093853789192508e+03
3.940326224251329708e-04 7.283861180756179238e+03
3.974855412668863936e-04 7.345126228193892530e+03
4.009687181325931327e-04 7.406892750217541106e+03
4.044824181741595330e-04 7.469164547467039483e+03
4.080269088670258285e-04 7.531945468945755238e+03
4.116024600305262667e-04 7.595239390130019274e+03
4.152093438484303484e-04 7.659050212010547511e+03
4.188478348896605219e-04 7.723381861210210445e+03
4.225182101291952760e-04 7.788238284857283361e+03
4.262207489691518299e-04 7.853623413727363186e+03
4.299557332600565545e-04 7.919541182751519955e+03
4.337234473222992184e-04 7.985995550532650668e+03
4.375241779677776751e-04 8.052990499537674623e+03
4.413582145217298460e-04 8.120530036168452170e+03
4.452258488447591788e-04 8.188618198579694763e+03
4.491273753550517394e-04 8.257259074794981643e+03
4.530630910507880255e-04 8.326456783346426164e+03
4.570332955327520517e-04 8.396215468287384283e+03
4.610382910271378673e-04 8.466539299283615037e+03
4.650783824085561098e-04 8.537432471343488942e+03
4.691538772232419483e-04 8.608899186874883526e+03
4.732650857124670206e-04 8.680943646639139843e+03
4.774123208361555240e-04 8.753570073697959742e+03
4.815958982967086374e-04 8.826782715529858251e+03
4.858161365630359703e-04 8.900585844084696873e+03
4.900733568947993534e-04 8.974983754544964540e+03
4.943678833668681575e-04 9.049980750426819213e+03
4.987000428939883075e-04 9.125581148222867341e+03
5.030701652556693847e-04 9.201789287925366807e+03
5.074785831212874848e-04 9.278609533259917953e+03
5.119256320754099043e-04 9.356046271712853923e+03
5.164116506433410027e-04 9.434103918107686695e+03
5.209369803168915208e-04 9.512786928418234311e+03
5.255019655803744956e-04 9.592099788361914761e+03
5.301069539368288581e-04 9.672047008394816658e+03
5.347522959344721237e-04 9.752633123747789796e+03
5.394383451933857515e-04 9.833862694388830278e+03
5.441654584324333906e-04 9.915740294040018853e+03
5.489339954964164584e-04 9.998270497917143075e+03
5.537443193834663997e-04 1.008145790214077533e+04
5.585967962726775312e-04 1.016530712650577698e+04
5.634917955519807946e-04 1.024982281448403592e+04
5.684296898462648170e-04 1.033500963167877853e+04
5.734108550457404831e-04 1.042087223448870645e+04
5.784356703345548733e-04 1.050741527036277148e+04
5.835045182196558697e-04 1.059464340694885141e+04
5.886177845599110080e-04 1.068256133326010058e+04
5.937758585954794896e-04 1.077117375962047299e+04
5.989791329774431022e-04 1.086048542231864667e+04
6.042280037976960469e-04 1.095050111304341954e+04
6.095228706190960587e-04 1.104122566088243730e+04
6.148641365058823494e-04 1.113266391786078930e+04
6.202522080543566851e-04 1.122482075884747064e+04
6.256874954238358412e-04 1.131770108150067063e+04
6.311704123678736969e-04 1.141130978089056043e+04
6.367013762657586099e-04 1.150565169797639464e+04
6.422808081542845512e-04 1.160073167886306510e+04
6.479091327598034827e-04 1.169655458839467974e+04
6.535867785305558321e-04 1.179312531003094227e+04
6.593141776692854625e-04 1.189044874594191242e+04
6.650917661661414140e-04 1.198852982590999090e+04
6.709199838318663078e-04 1.208737351068238968e+04
6.767992743312772680e-04 1.218698478068822078e+04
6.827300852170369765e-04 1.228736863506788541e+04
6.887128679637262441e-04 1.238853009154186839e+04
6.947480780022094243e-04 1.249047418573770483e+04
7.008361747543038383e-04 1.259320596557918907e+04
7.069776216677544018e-04 1.269673049318151607e+04
7.131728862515094441e-04 1.280105284827662581e+04
7.194224401113128971e-04 1.290617812811098156e+04
7.257267589856023372e-04 1.301211144728463114e+04
7.320863227817250244e-04 1.311885791061172677e+04
7.385016156124683600e-04 1.322642252028581788e+04
7.449731258329149539e-04 1.333481025787969702e+04
7.515013460776157972e-04 1.344402611567802342e+04
7.580867732980932491e-04 1.355407509638361080e+04
7.647299088006678748e-04 1.366496221328034881e+04
7.714312582846230126e-04 1.377669254029181502e+04
7.781913318806986130e-04 1.388927125903289379e+04
7.850106441899237829e-04 1.400270357593363769e+04
7.918897143227919370e-04 1.411699471158879351e+04
7.988290659387749801e-04 1.423214990052732901e+04
8.058292272861881196e-04 1.434817438404262793e+04
8.128907312424010810e-04 1.446507328887462791e+04
8.200141153544032073e-04 1.458285163793537322e+04
8.271999218797217905e-04 1.470151445513766157e+04
8.344486978277033951e-04 1.482106676869239345e+04
8.417609950011519914e-04 1.494151361069398081e+04
8.491373700383351769e-04 1.506286002758980794e+04
8.565783844553571816e-04 1.518511114031181569e+04
8.640846046889027804e-04 1.530827210360798563e+04
8.716566021393579644e-04 1.543234807809969425e+04
8.792949532143065064e-04 1.555734422982863907e+04
8.870002393724070802e-04 1.568326572979274897e+04
8.947730471676566821e-04 1.581011770544477986e+04
9.026139682940420876e-04 1.593790515541303103e+04
9.105235996305806453e-04 1.606663305410453177e+04
9.185025432867574557e-04 1.619630637268286773e+04
9.265514066483586083e-04 1.632693007852738810e+04
9.346708024237098018e-04 1.645850913652630334e+04
9.428613486903169878e-04 1.659104857021095086e+04
9.511236689419157566e-04 1.672455347814970446e+04
9.594583921359357576e-04 1.685902896237582536e+04
9.678661527413765734e-04 1.699448012321965143e+04
9.763475907871084925e-04 1.713091205880805137e+04
9.849033519105923271e-04 1.726832984699470035e+04
9.935340874070281401e-04 1.740673838690911725e+04
1.002240454278932992e-03 1.754614246721514428e+04
1.011023115286156489e-03 1.768654686161633072e+04
1.019882738996330442e-03 1.782795632929310523e+04
1.028819999835764139e-03 1.797037561418774931e+04
1.037835578140783050e-03 1.811380945657366101e+04
1.046930160209518347e-03 1.825826262955537823e+04
1.056104438354151355e-03 1.840373990303979372e+04
1.065359110953614449e-03 1.855024603113691774e+04
1.074694882506753825e-03 1.869778575144274873e+04
1.084112463685958259e-03 1.884636378403737035e+04
1.093612571391259060e-03 1.899598480838763862e+04
1.103195928804902304e-03 1.914665344513680247e+04
1.112863265446400714e-03 1.929837428953134440e+04
1.122615317228065849e-03 1.945115191443685035e+04
1.132452826511029477e-03 1.960499086953082588e+04
1.142376542161755012e-03 1.975989567426005669e+04
1.152387219609044217e-03 1.991587072273598460e+04
1.162485620901541330e-03 2.007292029877102323e+04
1.172672514765744174e-03 2.023104865136973604e+04
1.182948676664522664e-03 2.039025999601884541e+04
1.193314888856149497e-03 2.055055851372145844e+04
1.203771940453849092e-03 2.071194835542299188e+04
1.214320627485864770e-03 2.087443366769816566e+04
1.224961752956059587e-03 2.103801857253246635e+04
1.235696126905041050e-03 2.120270715504036707e+04
1.246524566471825333e-03 2.136850346245984110e+04
1.257447895956040991e-03 2.153541150303703398e+04
1.268466946880675208e-03 2.170343520355882720e+04
1.279582558055376460e-03 2.187257834516716684e+04
1.290795575640304700e-03 2.204284464672634931e+04
1.302106853210545324e-03 2.221423777902656366e+04
1.313517251821084758e-03 2.238676136365432467e+04
1.325027640072359153e-03 2.256041897070629784e+04
1.336638894176374890e-03 2.273521408552621142e+04
1.348351898023407392e-03 2.291115010203058773e+04
1.360167543249289320e-03 2.308823035603763856e+04
1.372086729303279885e-03 2.326645812601687430e+04
1.384110363516538730e-03 2.344583663186341437e+04
1.396239361171194805e-03 2.362636903299992264e+04
1.408474645570018721e-03 2.380805842187271264e+04
1.420817148106708321e-03 2.399090782530859724e+04
1.433267808336791387e-03 2.417492020622932250e+04
1.445827574049146766e-03 2.436009846239949184e+04
1.458497401338154122e-03 2.454644542513640772e+04
1.471278254676473178e-03 2.473396383462415542e+04
1.484171106988465888e-03 2.492265627640497769e+04
1.497176939724256979e-03 2.511252524309748696e+04
1.510296742934446115e-03 2.530357315167994602e+04
1.523531515345474905e-03 2.549580234209640548e+04
1.536882264435649424e-03 2.568921507493278114e+04
1.550350006511839497e-03 2.588381347195436319e+04
1.563935766786838906e-03 2.607959947780671791e+04
1.577640579457410385e-03 2.627657494136660898e+04
1.591465487783010621e-03 2.647474162236884149e+04
1.605411544165208284e-03 2.667410118988630347e+04
1.619479810227797238e-03 2.687465522163716741e+04
1.633671356897609291e-03 2.707640521348443872e+04
1.647987264486039036e-03 2.727935257521702442e+04
1.662428622771277772e-03 2.748349862065846901e+04
1.676996531081274919e-03 2.768884456591467097e+04
1.691692098377421075e-03 2.789539152781634039e+04
1.706516443338967686e-03 2.810314050331688486e+04
1.721470694448180719e-03 2.831209228451988747e+04
1.736555990076249370e-03 2.852224752200047806e+04
1.751773478569941794e-03 2.873360675608466408e+04
1.767124318339021284e-03 2.894617041521390274e+04
1.782609677944424877e-03 2.915993881424505162e+04
1.798230736187224734e-03 2.937491214406167273e+04
1.813988682198359320e-03 2.959109045850926850e+04
1.829884715529153227e-03 2.980847368927932985e+04
1.845920046242634747e-03 3.002706164687782075e+04
1.862095895005645577e-03 3.024685401892663140e+04
1.878413493181766694e-03 3.046785036335213954e+04
1.894874082925052192e-03 3.069004998549544689e+04
1.911478917274587758e-03 3.091345192727780523e+04
1.928229260249872271e-03 3.113805508706697583e+04
1.945126386947045732e-03 3.136385822381294201e+04
1.962171583635949866e-03 3.159085995522380472e+04
1.979366147858045450e-03 3.181905876062690731e+04
1.996711388525185520e-03 3.204845301219051908e+04
2.014208626019251165e-03 3.227904095468393280e+04
2.031859192292670511e-03 3.251082068619133133e+04
2.049664430969806370e-03 3.274379015619486745e+04
2.067625697449239439e-03 3.297794716375523421e+04
2.085744359006944451e-03 3.321328929994696955e+04
2.104021794900375313e-03 3.344981381641220651e+04
2.122459396473457514e-03 3.368751776431789040e+04
2.141058567262500798e-03 3.392639802921476075e+04
2.159820723103044685e-03 3.416645132913786802e+04
2.178747292237631639e-03 3.440767421209429449e+04
2.197839715424536496e-03 3.465006302308190061e+04
2.217099446047437420e-03 3.489361388661806996e+04
2.236527950226055265e-03 3.513832274625926948e+04
2.256126706927757009e-03 3.538418536627326830e+04
2.275897208080142776e-03 3.563119732974377985e+04
2.295840958684617315e-03 3.587935402381495805e+04
2.315959476930953310e-03 3.612865048890039907e+04
2.336254294312860389e-03 3.637908146347732691e+04
2.356726955744575022e-03 3.663064148727623251e+04
2.377379019678455691e-03 3.688332490138994035e+04
2.398212058223624533e-03 3.713712584633994265e+04
2.419227657265641575e-03 3.739203825699660229e+04
2.440427416587220236e-03 3.764805584841673408e+04
2.461812949990020098e-03 3.790517212421043223e+04
2.483385885417487005e-03 3.816338037916395115e+04
2.505147865078783450e-03 3.842267369736554247e+04
2.527100545573791011e-03 3.868304494952838286e+04
2.549245598019226049e-03 3.894448666741901980e+04
2.571584708175847413e-03 3.920699090477958816e+04
2.594119576576781310e-03 3.947054945484284690e+04
2.616851918656974609e-03 3.973515387967923743e+04
2.639783464883773984e-03 4.000079550831307279e+04
2.662915960888665584e-03 4.026746543880027457e+04
2.686251167600148346e-03 4.053515461621814757e+04
2.709790861377790825e-03 4.080385382961206051e+04
2.733536834147445079e-03 4.107355363534820935e+04
2.757490893537661858e-03 4.134424435226226342e+04
2.781654863017291902e-03 4.161591605995967984e+04
2.806030582034294615e-03 4.188855850987704616e+04
2.830619906155759733e-03 4.216216057791950152e+04
2.855424707209165865e-03 4.243671059967738984e+04
2.880446873424868069e-03 4.271219663771787600e+04
2.905688309579835312e-03 4.298860648094869248e+04
2.931150937142652096e-03 4.326592764302108844e+04
2.956836694419781673e-03 4.354414755736600637e+04
2.982747536703125521e-03 4.382325397362619697e+04
3.008885436418858722e-03 4.410323449121035082e+04
3.035252383277586754e-03 4.438407645067131671e+04
3.061850384425796393e-03 4.466576693233411061e+04
3.088681464598664033e-03 4.494829274181049550e+04
3.115747666274169391e-03 4.523163987402510247e+04
3.143051049828589176e-03 4.551579331017123332e+04
3.170593693693333440e-03 4.580073768197988829e+04
3.198377694513158866e-03 4.608645732056325505e+04
3.226405167305786310e-03 4.637293625506425451e+04
3.254678245622892683e-03 4.666015819002301578e+04
3.283199081712529204e-03 4.694810628702641407e+04
3.311969846682951291e-03 4.723676324652834592e+04
3.340992730667902144e-03 4.752611144981120742e+04
3.370269942993326176e-03 4.781613296006859309e+04
3.399803712345553924e-03 4.810680952133455139e+04
3.429596286940951935e-03 4.839812287507043948e+04
3.459649934697073183e-03 4.869005584677858133e+04
3.489966943405295452e-03 4.898259136554683209e+04
3.520549620904974124e-03 4.927571208838529856e+04
3.551400295259128474e-03 4.956940039971878286e+04
3.582521314931652340e-03 4.986363837848018011e+04
3.613915048966099934e-03 5.015840426144638332e+04
3.645583887166018583e-03 5.045366915492515545e+04
3.677530240276871785e-03 5.074940289182146807e+04
3.709756540169547364e-03 5.104557476832672546e+04
3.742265240025489763e-03 5.134215354287925584e+04
3.775058814523445626e-03 5.163910851617172011e+04
3.808139760027830483e-03 5.193642838618911628e+04
3.841510594778772911e-03 5.223411932930177863e+04
3.875173859083818392e-03 5.253218846082176606e+04
3.909132115511288960e-03 5.283064325454955542e+04
3.943387949085363706e-03 5.312949154495756375e+04
3.977943967482871004e-03 5.342873313301281451e+04
4.012802801231768642e-03 5.372831322399999772e+04
4.047967103911420672e-03 5.402815400432250317e+04
4.083439552354569541e-03 5.432817606821541995e+04
4.119222846851117517e-03 5.462829847237939975e+04
4.155319711353691430e-03 5.492843876879343588e+04
4.191732893684978548e-03 5.522853415928794857e+04
4.228465165746926428e-03 5.552857853421772597e+04
4.265519323731727791e-03 5.582857570897108963e+04
4.302898188334680629e-03 5.612852988615692448e+04
4.340604604968929629e-03 5.642844565708357550e+04
4.378641443982042060e-03 5.672832739795645466e+04
4.417011600874521347e-03 5.702815898866017960e+04
4.455717996520230581e-03 5.732789850425704208e+04
4.494763577388720746e-03 5.762750183964934695e+04
4.534151315769548683e-03 5.792692426345872809e+04
4.573884209998521459e-03 5.822612042055185157e+04
4.613965284685940874e-03 5.852504560416021559e+04
4.654397590946867183e-03 5.882366714542566478e+04
4.695184206633350871e-03 5.912195929168580915e+04
4.736328236568760827e-03 5.941989619216851861e+04
4.777832812784109200e-03 5.971745181701046386e+04
4.819701094756482194e-03 6.001459995984104899e+04
4.861936269649563824e-03 6.031130768054824875e+04
4.904541552556228312e-03 6.060751555699102755e+04
4.947520186743300900e-03 6.090315682845918491e+04
4.990875443898456706e-03 6.119816380601833953e+04
5.034610624379242012e-03 6.149246787976026098e+04
5.078729057464347225e-03 6.178599981845915318e+04
5.123234101607010080e-03 6.207871357399305271e+04
5.168129144690688723e-03 6.237060449448214786e+04
5.213417604286972595e-03 6.266167245488229673e+04
5.259102927915705085e-03 6.295191775857813627e+04
5.305188593307461932e-03 6.324134113740533212e+04
5.351678108668257890e-03 6.352994144054293429e+04
5.398575012946606536e-03 6.381768071082734969e+04
5.445882876102950583e-03 6.410449063279407710e+04
5.493605299381367282e-03 6.439030121993223293e+04
5.541745915583761416e-03 6.467504166713556333e+04
5.590308389346363739e-03 6.495864036166390724e+04
5.639296417418717018e-03 6.524102818344106345e+04
5.688713728945094146e-03 6.552215467512384203e+04
5.738564085748353548e-03 6.580197607941238675e+04
5.788851282616305598e-03 6.608044839472364401e+04
5.839579147590615200e-03 6.635752737291797530e+04
5.890751542258155539e-03 6.663316852886021661e+04
5.942372362045016815e-03 6.690732773054651625e+04
5.994445536512999113e-03 6.717996208245868911e+04
6.046975029658764600e-03 6.745102872917675995e+04
6.099964840215603944e-03 6.772048464612121461e+04
6.153419001957793552e-03 6.798828664787212620e+04
6.207341584007713617e-03 6.825439097552587918e+04
6.261736691145556102e-03 6.851874151674132736e+04
6.316608464121821302e-03 6.878126801402331330e+04
6.371961079972531840e-03 6.904189894246512267e+04
6.427798752337178859e-03 6.930056225721295050e+04
6.484125731779495812e-03 6.955718541091185762e+04
6.540946306111039034e-03 6.981169712841353612e+04
6.598264800717556881e-03 7.006404133997166355e+04
6.656085578888293157e-03 7.031416999221740116e+04
6.714413042148099919e-03 7.056203503569874738e+04
6.773251630592515803e-03 7.080758836554332811e+04
6.832605823225778620e-03 7.105078183324864949e+04
6.892480138301736690e-03 7.129156345235648041e+04
6.952879133667854046e-03 7.152986738926188264e+04
7.013807407112111758e-03 7.176562445679337543e+04
7.075269596713043042e-03 7.199876520839694422e+04
7.137270381192805865e-03 7.222921995873091510e+04
7.199814480273309530e-03 7.245691887564073841e+04
7.262906655035536625e-03 7.268179647165941424e+04
7.326551708281944970e-03 7.290379436293954495e+04
7.390754484902077939e-03 7.312285479800720350e+04
7.455519872241400496e-03 7.333892004093428841e+04
7.520852800473306309e-03 7.355193238947731152e+04
7.586758242974429509e-03 7.376183360456638911e+04
7.653241216703268041e-03 7.396855718254284875e+04
7.720306782582036197e-03 7.417203043314823299e+04
7.787960045881982263e-03 7.437218046873091953e+04
7.856206156611960506e-03 7.456893437452253420e+04
7.925050309910504701e-03 7.476221923554240493e+04
7.994497746441306049e-03 7.495196294802008197e+04
8.064553752792113714e-03 7.513809765270291246e+04
8.135223661877220153e-03 7.532055701034686354e+04
8.206512853343372535e-03 7.549927485356894613e+04
8.278426753979309730e-03 7.567418521195791254e+04
8.350970838128898843e-03 7.584522232641401934e+04
8.424150628107807126e-03 7.601231799341857550e+04
8.497971694623910471e-03 7.617539816615343443e+04
8.572439657201376059e-03 7.633438819123021676e+04
8.647560184608384451e-03 7.648921367240163090e+04
8.723338995288725320e-03 7.663980050386136281e+04
8.799781857797041307e-03 7.678607494162578951e+04
8.876894591237985410e-03 7.692796452745537681e+04
8.954683065709206913e-03 7.706539816620177589e+04
9.033153202748151964e-03 7.719830524835636606e+04
9.112310975782900863e-03 7.732661563979592756e+04
9.192162410586823471e-03 7.745025971629035485e+04
9.272713585737306016e-03 7.756916786454088287e+04
9.353970633078505931e-03 7.768326678229989193e+04
9.435939738188079198e-03 7.779248171049122175e+04
9.518627140848065840e-03 7.789673849342300673e+04
9.602039135519916183e-03 7.799596363191696582e+04
9.686182071823591991e-03 7.809008432403966435e+04
9.771062355020981860e-03 7.817902854781561473e+04
9.856686446503434840e-03 7.826272519784064207e+04
9.943060864283656888e-03 7.834110401865695894e+04
1.003019218349190424e-02 7.841409561858572124e+04
1.011808703687645111e-02 7.848163151166486205e+04
1.020675211530855733e-02 7.854364412801605067e+04
1.029619416829175363e-02 7.860006526816004771e+04
1.038642000447565807e-02 7.865082540184535901e+04
1.047743649217429754e-02 7.869585587934475916e+04
1.056925055988889445e-02 7.873508916283826693e+04
1.066186919683535447e-02 7.876845887226072955e+04
1.075529945347624555e-02 7.879589972034801031e+04
1.084954844205754734e-02 7.881734628459457599e+04
1.094462333715006189e-02 7.883273349600734946e+04
1.104053137619553926e-02 7.884199760891926417e+04
1.113727986005762401e-02 7.884507626681479451e+04
1.123487615357766575e-02 7.884190855015850684e+04
1.133332768613528468e-02 7.883243485689176305e+04
1.143264195221400069e-02 7.881659631042521505e+04
1.153282651197166941e-02 7.879433537205426546e+04
1.163388899181602362e-02 7.876559613236581208e+04
1.173583708498524870e-02 7.873032435928824998e+04
1.183867855213354553e-02 7.868846754279894230e+04
1.194242122192198940e-02 7.863997448640924995e+04
1.204707299161440065e-02 7.858479486760220607e+04
1.215264182767853904e-02 7.852288011770427693e+04
1.225913576639257700e-02 7.845418358664223342e+04
1.236656291445678048e-02 7.837866058995158528e+04
1.247493144961066280e-02 7.829626847061763692e+04
1.258424962125552146e-02 7.820696695414632268e+04
1.269452575108234900e-02 7.811071817683173867e+04
1.280576823370538526e-02 7.800748643151768192e+04
1.291798553730108198e-02 7.789723819851383450e+04
1.303118620425275723e-02 7.777994218809873564e+04
1.314537885180089814e-02 7.765556951757850766e+04
1.326057217269907378e-02 7.752409458796349645e+04
1.337677493587573034e-02 7.738549456935079070e+04
1.349399598710165731e-02 7.723974901266275265e+04
1.361224424966336367e-02 7.708683988431433681e+04
1.373152872504241652e-02 7.692675160237502132e+04
1.385185849360055788e-02 7.675947211736976169e+04
1.397324271527104929e-02 7.658499500465956226e+04
1.409569063025586065e-02 7.640331692661954730e+04
1.421921155972911098e-02 7.621443707673273457e+04
1.434381490654666226e-02 7.601835720446449704e+04
1.446951015596183339e-02 7.581508168959115574e+04
1.459630687634747188e-02 7.560461961555040034e+04
1.472421471992439376e-02 7.538698546632072248e+04
1.485324342349602852e-02 7.516219650223643112e+04
1.498340280918974803e-02 7.493027257572757662e+04
1.511470278520446117e-02 7.469123614274637657e+04
1.524715334656489424e-02 7.444511284684506245e+04
1.538076457588249263e-02 7.419193730011406296e+04
1.551554664412286080e-02 7.393175059452244022e+04
1.565150981138009947e-02 7.366459635439769772e+04
1.578866442765777464e-02 7.339052066921965161e+04
1.592702093365680818e-02 7.310957208545923640e+04
1.606658986157032468e-02 7.282180361683864612e+04
1.620738183588530182e-02 7.252727949448113213e+04
1.634940757419139912e-02 7.222606859501791769e+04
1.649267788799685039e-02 7.191824197240140347e+04
1.663720368355138188e-02 7.160387283016010770e+04
1.678299596267654806e-02 7.128303654572844971e+04
1.693006582360312776e-02 7.095581641215362470e+04
1.707842446181600388e-02 7.062230862910734140e+04
1.722808317090645039e-02 7.028261230767131201e+04
1.737905334343173985e-02 6.993682818630755355e+04
1.753134647178249475e-02 6.958505858066350629e+04
1.768497414905743914e-02 6.922740796852148196e+04
1.783994806994593230e-02 6.886399390124851197e+04
1.799628003161828083e-02 6.849494521900184918e+04
1.815398193462365584e-02 6.812039197918867285e+04
1.831306578379613206e-02 6.774046503673716506e+04
1.847354368916843959e-02 6.735529597349445976e+04
1.863542786689385139e-02 6.696501981790176069e+04
1.879873064017619291e-02 6.656979014198991354e+04
1.896346444020780009e-02 6.616976769255389809e+04
1.912964180711592549e-02 6.576511299280231469e+04
1.929727539091731503e-02 6.535598623633196257e+04
1.946637795248113562e-02 6.494254721428899938e+04
1.963696236450044805e-02 6.452496301122754812e+04
1.980904161247203088e-02 6.410342095250372950e+04
1.998262879568495076e-02 6.367811045010703674e+04
2.015773712821774047e-02 6.324921930265348783e+04
2.033437993994421239e-02 6.281693360347044654e+04
2.051257067754830646e-02 6.238143811789119354e+04
2.069232290554756312e-02 6.194293162801012659e+04
2.087365030732577995e-02 6.150162989682145417e+04
2.105656668617467489e-02 6.105774679980945803e+04
2.124108596634454588e-02 6.061149302103242371e+04
2.142722219410428397e-02 6.016307597152813833e+04
2.161498953881067775e-02 5.971270220684869855e+04
2.180440229398689783e-02 5.926059933119230845e+04
2.199547487841076177e-02 5.880700456613089045e+04
2.218822183721215133e-02 5.835215048915179796e+04
2.238265784298034550e-02 5.789626480619928043e+04
2.257879769688098115e-02 5.743957029982373933e+04
2.277665632978264493e-02 5.698229124540369958e+04
2.297624880339361325e-02 5.652467220093723154e+04
2.317759031140829637e-02 5.606695794603799732e+04
2.338069618066384442e-02 5.560938696843317302e+04
2.358558187230697101e-02 5.515219145295595808e+04
2.379226298297080697e-02 5.469559746383476886e+04
2.400075524596219367e-02 5.423983980392299418e+04
2.421107453245945410e-02 5.378517231198019726e+04
2.442323685272039871e-02 5.333184374337888585e+04
2.463725835730125324e-02 5.288009517906032852e+04
2.485315533828597045e-02 5.243016008227798011e+04
2.507094423052646376e-02 5.198226521675974072e+04
2.529064161289379387e-02 5.153664338917251007e+04
2.551226420954004134e-02 5.109353035137809638e+04
2.573582889117157976e-02 5.065315400957770908e+04
2.596135267633319088e-02 5.021573422701445816e+04
2.618885273270363592e-02 4.978148295279977174e+04
2.641834637840258238e-02 4.935060701434413932e+04
2.664985108330878913e-02 4.892332099252691842e+04
2.688338447039012591e-02 4.849983695693926711e+04
2.711896431704496208e-02 4.808035886769424542e+04
2.735660855645549033e-02 4.766508275682134263e+04
2.759633527895296104e-02 4.725419692599716655e+04
2.783816273339463285e-02 4.684788217554429139e+04
2.808210932855299130e-02 4.644631205036248866e+04
2.832819363451719377e-02 4.604965300556923467e+04
2.857643438410650480e-02 4.565806462078964978e+04
2.882685047429650940e-02 4.527169982873758272e+04
2.907946096765743130e-02 4.489070481294149795e+04
2.933428509380533317e-02 4.451520996300168190e+04
2.959134225086601858e-02 4.414532927811261470e+04
2.985065200695149676e-02 4.378117116610767698e+04
3.011223410164979783e-02 4.342283925514656585e+04
3.037610844752742720e-02 4.307043261374987196e+04
3.064229513164527796e-02 4.272404264274323214e+04
3.091081441708777577e-02 4.238372736783811706e+04
3.118168674450525965e-02 4.204952668430329504e+04
3.145493273367003934e-02 4.172147814057397045e+04
3.173057318504616392e-02 4.139961722824280878e+04
3.200862908137259294e-02 4.108397753317314346e+04
3.228912158926074139e-02 4.077457617923367798e+04
3.257207206080555556e-02 4.047137637740445643e+04
3.285750203521095592e-02 4.017433002458860574e+04
3.314543324042961564e-02 3.988338991193150287e+04
3.343588759481672806e-02 3.959850975077570911e+04
3.372888720879876900e-02 3.931964362283484661e+04
3.402445438655641446e-02 3.904670995954795217e+04
3.432261162772249491e-02 3.877957141988313379e+04
3.462338162909483347e-02 3.851808910128356365e+04
3.492678728636380153e-02 3.826212766339939844e+04
3.523285169585547300e-02 3.801155521110023983e+04
3.554159815628957914e-02 3.776623865980932896e+04
3.585305017055316623e-02 3.752598476327679236e+04
3.616723144748985180e-02 3.729055834677690291e+04
3.648416590370439500e-02 3.705972892921571474e+04
3.680387766538343458e-02 3.683327160940338217e+04
3.712639107013214479e-02 3.661096684303697111e+04
3.745173066882670487e-02 3.639258013509801822e+04
3.777992122748340814e-02 3.617777594144017348e+04
3.811098772914375821e-02 3.596619130523069180e+04
3.844495537577634348e-02 3.575747148695189389e+04
3.878184959019539274e-02 3.555126970968584646e+04
3.912169601799583840e-02 3.534724693514651153e+04
3.946452052950581713e-02 3.514507616460561258e+04
3.981034922175576835e-02 3.494444781589064223e+04
4.015920842046511591e-02 3.474506054218905774e+04
4.051112468204642186e-02 3.454661969063378638e+04
4.086612479562672096e-02 3.434883721139027330e+04
4.122423578508691011e-02 3.415142742616765463e+04
4.158548491111901252e-02 3.395400917798070441e+04
4.194989967330111508e-02 3.375610486199283332e+04
4.231750781219102697e-02 3.355724344852117065e+04
4.268833731143770183e-02 3.335696557040228799e+04
4.306241639991161690e-02 3.315482368695124023e+04
4.343977355385371386e-02 3.295037634960748983e+04
4.382043749904291491e-02 3.274314725631861074e+04
4.420443721298304013e-02 3.253265159433510053e+04
4.459180192710850837e-02 3.231841949478567039e+04
4.498256112900959891e-02 3.209999671529943589e+04
4.537674456467728767e-02 3.187694524401376475e+04
4.577438224076738060e-02 3.164885904827689956e+04
4.617550442688482526e-02 3.141539844247201472e+04
4.658014165788809668e-02 3.117625012622485519e+04
4.698832473621333133e-02 3.093111753483732173e+04
4.740008473421941648e-02 3.067972151177393243e+04
4.781545299655306364e-02 3.042180224896922664e+04
4.823446114253502476e-02 3.015718219509347909e+04
4.865714106856712518e-02 2.988579270351291416e+04
4.908352495056009235e-02 2.960758660128271731e+04
4.951364524638323522e-02 2.932253105034214241e+04
4.994753469833495413e-02 2.903060783018021175e+04
5.038522633563529557e-02 2.873182080330216559e+04
5.082675347694042695e-02 2.842627782977167954e+04
5.127214973287863575e-02 2.811415786373182345e+04
5.172144900860930344e-02 2.779564929457784092e+04
5.217468550640348007e-02 2.747094854592834599e+04
5.263189372824769729e-02 2.714025984334562236e+04
5.309310847847047848e-02 2.680383265492031205e+04
5.355836486639153210e-02 2.646210169805215992e+04
5.402769830899447484e-02 2.611555083421181916e+04
5.450114453362312622e-02 2.576465593164849633e+04
5.497873958070078476e-02 2.540988411953578179e+04
5.546051980647416502e-02 2.505169368151797971e+04
5.594652188578070479e-02 2.469061932476997754e+04
5.643678281484038745e-02 2.432735623404028956e+04
5.693133991407229449e-02 2.396259419280333532e+04
5.743023083093516667e-02 2.359699419509328072e+04
5.793349354279368063e-02 2.323118802386466996e+04
5.844116635980903945e-02 2.286578244240073036e+04
5.895328792785549388e-02 2.250144722254830049e+04
5.946989723146230838e-02 2.213890359562529920e+04
5.999103359678110287e-02 2.177883499498742094e+04
6.051673669457964533e-02 2.142188394588470692e+04
6.104704654326191526e-02 2.106865281374189362e+04
6.158200351191407684e-02 2.071973781067766686e+04
6.212164832337794401e-02 2.037585762550369691e+04
6.266602205735052888e-02 2.003773108803758441e+04
6.321516615351140123e-02 1.970602581782997731e+04
6.376912241467734555e-02 1.938136051658996439e+04
6.432793300998419783e-02 1.906430747758952566e+04
6.489164047809728442e-02 1.875539493445964763e+04
6.546028773044933191e-02 1.845508830845409466e+04
6.603391805450707641e-02 1.816378155329159927e+04
6.661257511706676626e-02 1.788183401587989283e+04
6.719630296757772570e-02 1.760957655947057356e+04
6.778514604149608880e-02 1.734731439077699542e+04
6.837914916366694129e-02 1.709532990176057501e+04
6.897835755173672978e-02 1.685382943597714257e+04
6.958281681959560538e-02 1.662282552593912260e+04
7.019257298084928542e-02 1.640229285513009017e+04
7.080767245232200136e-02 1.619220746189572674e+04
7.142816205759013048e-02 1.599254787276188472e+04
7.205408903054606740e-02 1.580329592865881023e+04
7.268550101899438898e-02 1.562429617686171150e+04
7.332244608827852284e-02 1.545503868603054434e+04
7.396497272493980646e-02 1.529498241182209858e+04
7.461312984040874285e-02 1.514361387541779368e+04
7.526696677472774488e-02 1.500044497670375677e+04
7.592653330030768588e-02 1.486500011298948993e+04
7.659187962571624431e-02 1.473659071896705609e+04
7.726305639950017956e-02 1.461433006530509738e+04
7.794011471404112268e-02 1.449735465712330733e+04
7.862310610944436839e-02 1.438483069397515283e+04
7.931208257746268087e-02 1.427595135183155980e+04
8.000709656545416937e-02 1.416987308803053020e+04
8.070820098037430335e-02 1.406561636043689396e+04
8.141544919280402359e-02 1.396220411840299130e+04
8.212889504101186788e-02 1.385868765670137873e+04
8.284859283505266458e-02 1.375414636119890929e+04
8.357459736090198932e-02 1.364769650061126231e+04
8.430696388462612101e-02 1.353851565207501153e+04
8.504574815658971776e-02 1.342581864589607721e+04
8.579100641569924190e-02 1.330885153263848042e+04
8.654279539368424368e-02 1.318689394889715004e+04
8.730117231941621203e-02 1.305932690469383124e+04
8.806619492326457632e-02 1.292575771179315416e+04
8.883792144149171843e-02 1.278585938115733370e+04
8.961641062068607944e-02 1.263933687313446171e+04
9.040172172223391589e-02 1.248593375319706865e+04
9.119391452683087151e-02 1.232561244183364943e+04
9.199304933903232340e-02 1.215860042540695940e+04
9.279918699184412645e-02 1.198515596930305401e+04
9.361238885135370058e-02 1.180555063951062220e+04
9.443271682140084999e-02 1.162012522380275186e+04
9.526023334829084033e-02 1.142955539116608270e+04
9.609500142554729119e-02 1.123461809903574795e+04
9.693708459870796490e-02 1.103606440853709501e+04
9.778654697016207764e-02 1.083462753398455970e+04
9.864345320402956308e-02 1.063122456832328317e+04
9.950786853108423147e-02 1.042692170471817553e+04
1.003798587537186593e-01 1.022272637439262326e+04
1.012594902509536265e-01 1.001958068459077731e+04
1.021468299834913940e-01 9.818487507018495307e+03
1.030419454988124872e-01 9.620568350238314451e+03
1.039449049363178473e-01 9.426871316420159928e+03
1.048557770325161398e-01 9.238357077880405996e+03
1.057746311262556527e-01 9.055879031177873912e+03
1.067015371640032545e-01 8.880173256173973641e+03
1.076365657051684133e-01 8.711907704292745620e+03
1.085797879274746497e-01 8.551689802049650098e+03
1.095312756323780917e-01 8.399915617210526761e+03
1.104911012505327556e-01 8.256734115955250672e+03
1.114593378473047874e-01 8.122268413527025587e+03
1.124360591283338762e-01 7.996615171184016617e+03
1.134213394451443480e-01 7.879576078807922386e+03
1.144152538008052777e-01 7.770751683031489847e+03
1.154178778556394225e-01 7.669766662284158883e+03
1.164292879329830305e-01 7.576190481376479511e+03
1.174495610249962074e-01 7.489241316120621377e+03
1.184787747985230344e-01 7.408071272619046795e+03
1.195170076010048238e-01 7.331871608766457030e+03
1.205643384664433215e-01 7.259747163577978426e+03
1.216208471214174081e-01 7.190683955045813491e+03
1.226866139911525766e-01 7.123697469996164727e+03
1.237617202056423144e-01 7.057821942763246625e+03
1.248462476058250087e-01 6.992049345954616911e+03
1.259402787498130616e-01 6.925387919658983265e+03
1.270438969191779732e-01 6.856893167301889662e+03
1.281571861252902844e-01 6.785773583342238453e+03
1.292802311157140449e-01 6.711354754795959707e+03
1.304131173806590549e-01 6.633005167831381186e+03
1.315559311594878822e-01 6.550263398230575149e+03
1.327087594472809717e-01 6.462875950770562667e+03
1.338716900014594313e-01 6.370635000826943724e+03
1.350448113484647994e-01 6.273550241544564415e+03
1.362282127904982376e-01 6.172018932556258733e+03
1.374219844123189815e-01 6.066481545563018699e+03
1.386262170881009392e-01 5.957484590171615309e+03
1.398410024883516012e-01 5.845825389812939648e+03
1.410664330868890703e-01 5.732301971973855871e+03
1.423026021678823472e-01 5.617777067294982771e+03
1.435496038329523438e-01 5.503311590673746650e+03
1.448075330083347378e-01 5.389924256564784628e+03
1.460764854521068856e-01 5.278498277469797358e+03
1.473565577614765476e-01 5.169742855729524308e+03
1.486478473801353950e-01 5.064299522912766406e+03
1.499504526056773257e-01 4.962871030813903417e+03
1.512644725970804516e-01 4.866239387618190449e+03
1.525900073822556435e-01 4.775094532709094892e+03
1.539271578656616624e-01 4.689637260698559658e+03
1.552760258359852097e-01 4.609767829353629168e+03
1.566367139738907566e-01 4.535356951101983213e+03
1.580093258598357087e-01 4.466134429125519091e+03
1.593939659819561261e-01 4.401804245852761596e+03
1.607907397440206665e-01 4.341929333447807949e+03
1.621997534734538338e-01 4.285830763181445036e+03
1.636211144294307251e-01 4.232824943332189832e+03
1.650549308110411950e-01 4.182100693731335014e+03
1.665013117655267938e-01 4.132795494697071263e+03
1.679603673965896771e-01 4.084080803545899016e+03
1.694322087727735127e-01 4.035155051607091082e+03
1.709169479359186339e-01 3.985267453776546972e+03
1.724146979096916055e-01 3.933839116844791988e+03
1.739255727081879532e-01 3.880400436075953621e+03
1.754496873446124705e-01 3.824632518958176206e+03
1.769871578400334378e-01 3.766442010560627750e+03
1.785381012322148908e-01 3.705815300012689931e+03
1.801026355845266880e-01 3.642965808492466749e+03
1.816808799949304887e-01 3.578182588153358211e+03
1.832729546050474723e-01 3.511913609257143889e+03
1.848789806093026067e-01 3.444710604246040475e+03
1.864990802641510459e-01 3.377156961347248853e+03
1.881333768973851572e-01 3.309891956276812380e+03
1.897819949175214016e-01 3.243540359312570217e+03
1.914450598232724510e-01 3.178750302616508179e+03
1.931226982130989367e-01 3.116110030386299513e+03
1.948150377948475176e-01 3.056051083255859339e+03
1.965222073954725479e-01 2.998916909244891485e+03
1.982443369708423442e-01 2.944877415034516616e+03
1.999815576156318275e-01 2.894001018455863232e+03
2.017340015733029568e-01 2.846157164124066639e+03
2.035018022461700105e-01 2.801087904827866623e+03
2.052850942055561012e-01 2.758431137205361665e+03
2.070840132020365654e-01 2.717747993991776639e+03
2.088986961757719196e-01 2.678555004056580856e+03
2.107292812669341320e-01 2.640336784602907755e+03
2.125759078262213497e-01 2.602609518983010730e+03
2.144387164254647204e-01 2.564922823452519879e+03
2.163178488683313028e-01 2.526883821236112453e+03
2.182134482011175991e-01 2.488157551107694871e+03
2.201256587236378459e-01 2.448537339831433201e+03
2.220546260002104755e-01 2.407919019030289292e+03
2.240004968707382527e-01 2.366348288799036254e+03
2.259634194618849456e-01 2.323967999670327572e+03
2.279435431983534155e-01 2.281060649609665688e+03
2.299410188142590739e-01 2.237968215750590389e+03
2.319559983646050649e-01 2.195098115711515675e+03
2.339886352368553968e-01 2.152836455736935022e+03
2.360390841626139879e-01 2.111517471464795108e+03
2.381075012294021076e-01 2.071421581725056512e+03
2.401940438925390664e-01 2.032771424095551083e+03
2.422988709871307655e-01 1.995693136470496711e+03
2.444221427401595814e-01 1.960238384806168142e+03
2.465640207826801655e-01 1.926370706527014818e+03
2.487246681621257949e-01 1.893980612863981833e+03
2.509042493547189445e-01 1.862865755874131082e+03
2.531029302779906343e-01 1.832762209825332320e+03
2.553208783034129903e-01 1.803368242452504319e+03
2.575582622691386936e-01 1.774378091713911545e+03
2.598152524928541429e-01 1.745528596504777397e+03
2.620920207847432515e-01 1.716627782474231253e+03
2.643887404605684277e-01 1.687558713937801031e+03
2.667055863548632444e-01 1.658274041686208193e+03
2.690427348342395164e-01 1.628809812947594310e+03
2.714003638108161143e-01 1.599247990005632801e+03
2.737786527557607430e-01 1.569707415199883599e+03
2.761777827129504592e-01 1.540349086965564993e+03
2.785979363127564223e-01 1.511359390086261101e+03
2.810392977859447194e-01 1.482933775185571676e+03
2.835020529776992593e-01 1.455242130472860026e+03
2.859863893617721753e-01 1.428401672337416130e+03
2.884924960547525230e-01 1.402464390236078771e+03
2.910205638304640408e-01 1.377403303789201800e+03
2.935707851344850350e-01 1.353137777622271869e+03
2.961433540988016033e-01 1.329557551608709446e+03
2.987384665565834818e-01 1.306546167790380423e+03
3.013563200570907319e-01 1.283981666583551487e+03
3.039971138807144868e-01 1.261741458401319051e+03
3.066610490541453737e-01 1.239709876401746442e+03
3.093483283656750515e-01 1.217793644638366914e+03
3.120591563806363045e-01 1.195945345453622849e+03
3.147937394569734759e-01 1.174173998020545696e+03
3.175522857609497929e-01 1.152542420734789857e+03
3.203350052829967431e-01 1.131139645332603550e+03
3.231421098536974013e-01 1.110051656853934674e+03
3.259738131599127509e-01 1.089348171485453122e+03
3.288303307610457304e-01 1.069081378714776520e+03
3.317118801054543820e-01 1.049292871356917431e+03
3.346186805470025005e-01 1.030010180511828366e+03
3.375509533617562230e-01 1.011236792426090005e+03
3.405089217648318844e-01 9.929395191817621935e+02
3.434928109273858721e-01 9.750481596275296852e+02
3.465028479937541372e-01 9.574813360460925651e+02
3.495392620987463617e-01 9.401729989737420965e+02
3.526022843850872834e-01 9.230870037185550245e+02
3.556921480210095132e-01 9.062080327050325650e+02
3.588090882180073882e-01 8.895270707047016003e+02
3.619533422487397067e-01 8.730391915929156994e+02
3.651251494650925578e-01 8.567543900211959453e+02
3.683247513163974696e-01 8.407090351433992055e+02
3.715523913678149825e-01 8.249533740298086286e+02
3.748083153188742078e-01 8.095239384568016021e+02
3.780927710221737570e-01 7.944288547285185587e+02
3.814060085022536462e-01 7.796537638789233142e+02
3.847482799746260174e-01 7.651809432461278675e+02
3.881198398649722270e-01 7.510001495415062891e+02
3.915209448285152938e-01 7.370970633674368173e+02
3.949518537695542730e-01 7.234408517167341870e+02
3.984128278611743790e-01 7.099941452906120958e+02
4.019041305651259721e-01 6.967339161558155638e+02
4.054260276518841799e-01 6.836663406395622360e+02
4.089787872208779929e-01 6.708090704007971681e+02
4.125626797208972740e-01 6.581693339854623446e+02
4.161779779706840099e-01 6.457448059865689629e+02
4.198249571796986990e-01 6.335385289982351651e+02
4.235038949690678178e-01 6.215679226905547239e+02
4.272150713927214682e-01 6.098375026913569172e+02
4.309587689587102144e-01 5.983377786063422263e+02
4.347352726507085485e-01 5.870571479741582834e+02
4.385448699497128122e-01 5.759846272850695641e+02
4.423878508559226375e-01 5.651098528537360153e+02
4.462645079108182866e-01 5.544253323239031488e+02
4.501751362194268413e-01 5.439279119498876298e+02
4.541200334727912291e-01 5.336148847361706657e+02
4.580994999706293203e-01 5.234835648486069886e+02
4.621138386441914769e-01 5.135312880380901106e+02
4.661633550793252145e-01 5.037554120401546243e+02
4.702483575397355398e-01 4.941533169511147889e+02
4.743691569904485150e-01 4.847224055812502002e+02
4.785260671214874861e-01 4.754601037856147059e+02
4.827194043717505934e-01 4.663638607730262606e+02
4.869494879530961717e-01 4.574311493937542537e+02
4.912166398746474760e-01 4.486594664064376730e+02
4.955211849673019087e-01 4.400463327248326095e+02
4.998634509084599609e-01 4.315892936448224759e+02
5.042437682469653737e-01 4.232859190523166149e+02
5.086624704282737275e-01 4.151338036124912492e+02
5.131198938198321402e-01 4.071305669409065899e+02
5.176163777366823426e-01 3.992738537570421045e+02
5.221522644672957902e-01 3.915613340206973589e+02
5.267278992996279330e-01 3.839907030518184570e+02
5.313436305473987487e-01 3.765596816342049351e+02
5.359998095766141946e-01 3.692660161035844908e+02
5.406967908323101479e-01 3.621074784205783885e+02
5.454349318655316026e-01 3.550818662256398852e+02
5.502145933605558925e-01 3.481869671011834839e+02
5.550361391623459539e-01 3.414204752610655760e+02
5.598999363042491684e-01 3.347800968874634009e+02
5.648063550359335716e-01 3.282635775284152260e+02
5.697557688515778596e-01 3.218687014463158107e+02
5.747485545183012023e-01 3.155932909768530976e+02
5.797850921048400830e-01 3.094352058982623817e+02
5.848657650104870376e-01 3.033923428107290192e+02
5.899909599942735339e-01 2.974626345257678395e+02
5.951610672044077566e-01 2.916440494654196982e+02
6.003764802079808449e-01 2.859345910711390388e+02
6.056375960209231524e-01 2.803322972221844225e+02
6.109448151382238512e-01 2.748352396633773083e+02
6.162985415644234299e-01 2.694415234420896468e+02
6.216991828443650947e-01 2.641492863542943041e+02
6.271471500942193966e-01 2.589566983995619012e+02
6.326428580327762008e-01 2.538619612448291321e+02
6.381867250130209834e-01 2.488633076968371540e+02
6.437791730539781376e-01 2.439590011830726155e+02
6.494206278728332782e-01 2.391473352410938276e+02
6.551115189173465359e-01 2.344266330161009932e+02
6.608522793985414090e-01 2.297952467666349037e+02
6.666433463236773882e-01 2.252515573782494585e+02
6.724851605295246726e-01 2.207939738850611775e+02
6.783781667159185513e-01 2.164209333852252257e+02
6.843228134796073281e-01 2.121309124940444519e+02
6.903195533484091095e-01 2.079224280497569168e+02
6.963688428156543653e-01 2.037940219278120253e+02
7.024711423749386840e-01 1.997442597987690078e+02
7.086269165551721816e-01 1.957717307949123438e+02
7.148366339559483196e-01 1.918750471802136133e+02
7.211007672832121518e-01 1.880528440236732592e+02
7.274197933852398767e-01 1.843037788760129558e+02
7.337941932889467944e-01 1.806265314497391898e+02
7.402244522364997970e-01 1.770198033025559710e+02
7.467110597222530455e-01 1.734823175241236584e+02
7.532545095300169358e-01 1.700128184261636477e+02
7.598552997706422563e-01 1.666100712359018985e+02
7.665139329199396334e-01 1.632728617928254096e+02
7.732309158569260488e-01 1.599999962487726179e+02
7.800067599024169684e-01 1.567903007713176180e+02
7.868419808579462105e-01 1.536426212504590580e+02
7.937370990450273167e-01 1.505558230085951266e+02
8.006926393447695300e-01 1.475287905137635391e+02
8.077091312378298360e-01 1.445604270961562463e+02
8.147871088447146137e-01 1.416496546678692141e+02
8.219271109664477715e-01 1.387954134458916258e+02
8.291296811255813859e-01 1.359966616783156894e+02
8.363953676075661647e-01 1.332523753737472134e+02
8.437247235024984970e-01 1.305615475129091863e+02
8.511183067472165575e-01 1.279231847528782282e+02
8.585766801677764404e-01 1.253363095365758397e+02
8.661004115222901145e-01 1.227999614481836375e+02
8.736900735441541777e-01 1.203131969429496593e+02
8.813462439856437625e-01 1.178750890746999573e+02
8.890695056618890257e-01 1.154847272272210290e+02
8.968604464952496524e-01 1.131412168494651951e+02
9.047196595600655034e-01 1.108436791945398170e+02
9.126477431277986163e-01 1.085912510624310414e+02
9.206453007125853238e-01 1.063830845464313626e+02
9.287129411171730631e-01 1.042183467832146420e+02
9.368512784792599746e-01 1.020962197065260142e+02
9.450609323182544985e-01 1.000158998044460930e+02
9.533425275824297662e-01 9.797659788017637084e+01
9.616966946964994323e-01 9.597753881632091577e+01
9.701240696096014027e-01 9.401796134260666804e+01
9.786252938437185467e-01 9.209711780701688610e+01
9.872010145425090810e-01 9.021427395028641172e+01
9.958518845205637238e-01 8.836870868372095345e+01
1.004578562313110712e+00 8.655971387030579933e+01
1.013381712226141262e+00 8.478659410905588345e+01
1.022262004386972789e+00 8.304866652257625503e+01
1.031220114795272202e+00 8.134526054778575599e+01
1.040256725374511193e+00 7.967571772984534562e+01
1.049372524023869602e+00 7.803939153427832309e+01
1.058568204670612412e+00 7.643564716387723479e+01
1.067844467322907054e+00 7.486386133004535282e+01
1.077202018123114113e+00 7.332342205417388925e+01
1.086641569401532781e+00 7.181372847676951210e+01
1.096163839730639022e+00 7.033419066948243881e+01
1.105769553979779385e+00 6.888422944998779940e+01
1.115459443370344417e+00 6.746327619968656109e+01
1.125234245531444355e+00 6.607077268419317306e+01
1.135094704556053102e+00 6.470617087657275590e+01
1.145041571057647367e+00 6.336893278329033308e+01
1.155075602227355391e+00 6.205853027284116763e+01
1.165197561891593514e+00 6.077444490702202273e+01
1.175408220570202777e+00 5.951616777481564213e+01
1.185708355535118441e+00 5.828319932884846821e+01
1.196098750869528216e+00 5.707504922439105854e+01
1.206580197527565845e+00 5.589123616086612145e+01
1.217153493394511177e+00 5.473128772583329749e+01
1.227819443347541117e+00 5.359474024141220383e+01
1.238578859316994185e+00 5.248113861312097583e+01
1.249432560348170629e+00 5.139003618108702653e+01
1.260381372663693877e+00 5.032099457360517647e+01
1.271426129726398679e+00 4.927358356300925379e+01
1.282567672302771911e+00 4.824738092382664689e+01
1.293806848526966924e+00 4.724197228485013511e+01
1.305144513965360575e+00 4.625695087017818707e+01
1.316581531681674244e+00 4.529191740260709054e+01
1.328118772302688377e+00 4.434648007865749975e+01
1.339757114084507039e+00 4.342025443977343713e+01
1.351497442979420427e+00 4.251286324255676874e+01
1.363340652703334932e+00 4.162393633110961133e+01
1.375287644803822706e+00 4.075311051145881436e+01
1.387339328728741217e+00 3.990002942802688324e+01
1.399496621895457871e+00 3.906434344212789256e+01
1.411760449760703029e+00 3.824570951245039652e+01
1.424131745891006995e+00 3.744379107750639690e+01
1.436611452033765168e+00 3.665825794001161597e+01
1.449200518188936693e+00 3.588878615317291576e+01
1.461899902681356389e+00 3.513505790885328395e+01
1.474710572233686623e+00 3.439676142758710142e+01
1.487633502040001998e+00 3.367359085041965017e+01
1.500669675840036188e+00 3.296524613254098313e+01
1.513820085994061593e+00 3.227143293869155372e+01
1.527085733558424252e+00 3.159186254030973728e+01
1.540467628361761765e+00 3.092625171439943799e+01
1.553966789081869360e+00 3.027432264408647455e+01
1.567584243323234761e+00 2.963580282084463846e+01
1.581321027695281822e+00 2.901042494836128327e+01
1.595178187891270749e+00 2.839792684802237943e+01
1.609156778767892648e+00 2.779805133776718762e+01
1.623257864425586616e+00 2.721054604940918509e+01
1.637482518289529398e+00 2.663516343802629649e+01
1.651831823191355797e+00 2.607166072872736251e+01
1.666306871451576299e+00 2.551979982909556810e+01
1.680908764962744106e+00 2.497934724313553545e+01
1.695638615273328265e+00 2.445007398670419008e+01
1.710497543672318876e+00 2.393175550440073707e+01
1.725486681274601697e+00 2.342417158789314868e+01
1.740607169107054153e+00 2.292710629565820923e+01
1.755860158195393872e+00 2.244034787411375120e+01
1.771246809651818799e+00 2.196368868011861508e+01
1.786768294763385612e+00 2.149692510482167407e+01
1.802425795081161741e+00 2.103985749883652900e+01
1.818220502510190073e+00 2.059229009872048977e+01
1.834153619400206603e+00 2.015403095473861228e+01
1.850226358637174995e+00 1.972489185989048011e+01
1.866439943735603402e+00 1.930468828018042871e+01
1.882795608931699949e+00 1.889323928611111114e+01
1.899294599277320472e+00 1.849036748538004460e+01
1.915938170734734047e+00 1.809589895676097271e+01
1.932727590272252050e+00 1.770966318514922833e+01
1.949664135960665901e+00 1.733149299775393715e+01
1.966749097070524810e+00 1.696122450141646709e+01
1.983983774170302583e+00 1.659869702083483034e+01
2.001369479225391768e+00 1.624375302773332308e+01
2.018907535697962885e+00 1.589623807763971897e+01
2.036599278647732270e+00 1.555600076687758104e+01
2.054446054833579005e+00 1.522289267644532984e+01
2.072449222816072023e+00 1.489676831560758430e+01
2.090610153060871390e+00 1.457748506649538101e+01
2.108930228043079502e+00 1.426490312969866636e+01
2.127410842352464027e+00 1.395888547083441900e+01
2.146053402799612542e+00 1.365929776807499607e+01
2.164859328523042414e+00 1.336600836061905540e+01
2.183830051097222835e+00 1.307888819809096326e+01
2.202967014641536991e+00 1.279781079085238638e+01
2.222271675930239887e+00 1.252265216121048930e+01
2.241745504503338537e+00 1.225329079550852107e+01
2.261389982778448715e+00 1.198960759708297097e+01
2.281206606163663775e+00 1.173148584007375739e+01
2.301196883171378271e+00 1.147881112407152493e+01
2.321362335533123655e+00 1.123147132959035410e+01
2.341704498315398286e+00 1.098935657434866364e+01
2.362224920036541054e+00 1.075235917034773259e+01
2.382925162784600648e+00 1.052037358173194370e+01
2.403806802336234227e+00 1.029329638341877740e+01
2.424871428276687890e+00 1.007102622048525120e+01
2.446120644120785226e+00 9.853463768296949254e+00
2.467556067434982126e+00 9.640511688720630801e+00
2.489179329960530040e+00 9.432074555160756546e+00
2.510992077737671746e+00 9.228058838194435509e+00
2.532995971230934007e+00 9.028372891839952175e+00
2.555192685455554003e+00 8.832926917133937295e+00
2.577583910104969789e+00 8.641632926169291906e+00
2.600171349679453403e+00 8.454404706803773095e+00
2.622956723615848418e+00 8.271157788026950897e+00
2.645941766418483887e+00 8.091809405974837333e+00
2.669128227791198960e+00 7.916278470579673154e+00
2.692517872770522125e+00 7.744485532844253228e+00
2.716112481860060601e+00 7.576352752729924589e+00
2.739913851166023040e+00 7.411803867646566957e+00
2.763923792533934609e+00 7.250764161534672070e+00
2.788144133686584869e+00 7.093160434528527958e+00
2.812576718363147599e+00 6.938920973190171537e+00
2.837223406459536523e+00 6.787975521304431048e+00
2.862086074169971184e+00 6.640255251224017385e+00
2.887166614129828890e+00 6.495692735756009029e+00
2.912466935559702375e+00 6.354221920579218086e+00
2.937988964410721771e+00 6.215778097183192408e+00
2.963734643511198197e+00 6.080297876319569639e+00
2.989705932714500580e+00 5.947719161956466216e+00
3.015904809048229662e+00 5.817981125726636726e+00
3.042333266864753583e+00 5.691024181862387898e+00
3.068993317993002012e+00 5.566789963618205661e+00
3.095886991891604545e+00 5.445221300832487010e+00
3.123016335803408428e+00 5.326262193713629856e+00
3.150383414911299695e+00 5.209857789129102024e+00
3.177990312495428071e+00 5.095954357854797223e+00
3.205839130091766798e+00 4.984499272259080627e+00
3.233931987652125084e+00 4.875440984412333201e+00
3.262271023705507478e+00 4.768729004615201106e+00
3.290858395520892099e+00 4.664313880337496165e+00
3.319696279271481032e+00 4.562147175560230750e+00
3.348786870200344712e+00 4.462181450513779346e+00
3.378132382787509602e+00 4.364370241804617301e+00
3.407735050918572650e+00 4.268668042923560613e+00
3.437597128054730167e+00 4.175030285128985774e+00
3.467720887404305952e+00 4.083413318697276750e+00
3.498108622095827958e+00 3.993774394534762351e+00
3.528762645352567340e+00 3.906071646143686404e+00
3.559685290668641144e+00 3.820264071936391836e+00
3.590878911986624455e+00 3.736311517890671841e+00
3.622345883876772810e+00 3.654174660540562947e+00
3.654088601717766505e+00 3.573814990295944405e+00
3.686109481879038086e+00 3.495194795085204920e+00
3.718410961904752288e+00 3.418277144314901150e+00
3.750995500699340734e+00 3.343025873140424320e+00
3.783865578714663780e+00 3.269405566554031584e+00
3.817023698138868326e+00 3.197381533980614421e+00
3.850472383086848804e+00 3.126919795725990436e+00
3.884214179792366828e+00 3.057987079350251491e+00
3.918251656801921889e+00 2.990550805785354704e+00
3.952587405170250090e+00 2.924579075255548055e+00
3.987224038657582348e+00 2.860040653474639871e+00
4.022164193928579046e+00 2.796904958115328910e+00
4.057410530753088551e+00 2.735142045545098544e+00
4.092965732208596386e+00 2.674722597823883774e+00
4.128832504884451637e+00 2.615617909958391607e+00
4.165013579087939455e+00 2.557799877408112099e+00
4.201511709052105026e+00 2.501240983838499687e+00
4.238329673145392995e+00 2.445914289116302598e+00
4.275470274083190247e+00 2.391793417542744216e+00
4.312936339141155706e+00 2.338852546319702963e+00
4.350730720370420634e+00 2.287066394244673617e+00
4.388856294814743819e+00 2.236410210630036310e+00
4.427315964729491959e+00 2.186859764442373066e+00
4.466112657802581154e+00 2.138391333657558846e+00
4.505249327377316426e+00 2.090981694827659165e+00
4.544728952677256295e+00 2.044608112855299087e+00
4.584554539032978049e+00 1.999248330971793219e+00
4.624729118110830761e+00 1.954880560914955101e+00
4.665255748143763981e+00 1.911483473302819203e+00
4.706137514164105973e+00 1.869036188249071584e+00
4.747377528238388322e+00 1.827518266336160213e+00
4.788978929704290621e+00 1.786909699350663461e+00
4.830944885409586220e+00 1.747190901303638633e+00
4.873278589953237372e+00 1.708342699730520220e+00
4.915983265928534962e+00 1.670346327165207478e+00
4.959062164168472897e+00 1.633183412785012889e+00
5.002518563993183953e+00 1.596835974223198340e+00
5.046355773459549887e+00 1.561286409545715959e+00
5.090577129613073737e+00 1.526517489389058957e+00
5.135185998741878421e+00 1.492512349256165383e+00
5.180185776632938222e+00 1.459254481967118044e+00
5.225579888830631958e+00 1.426727730261824423e+00
5.271371790897475762e+00 1.394916279551595029e+00
5.317564968677151782e+00 1.363804650816785147e+00
5.364162938559915439e+00 1.333377693647628925e+00
5.411169247750232891e+00 1.303620579425461168e+00
5.458587474536838791e+00 1.274518794641665620e+00
5.506421228565078430e+00 1.246058134351518909e+00
5.554674151111751890e+00 1.218224695760445453e+00
5.603349915362263900e+00 1.191004871939985943e+00
5.652452226690222403e+00 1.164385345670996275e+00
5.701984822939550668e+00 1.138353083411549838e+00
5.751951474709009027e+00 1.112895329387145527e+00
5.802355985639183089e+00 1.087999599785763216e+00
5.853202192702101847e+00 1.063653675652581176e+00
5.904493966493284063e+00 1.039845596315702281e+00
5.956235211526355933e+00 1.016563656491692225e+00
6.008429866530335950e+00 9.937964012280061654e-01
6.061081904749422655e+00 9.715326206577505896e-01
6.114195334245478008e+00 9.497613448617251430e-01
6.167774198203085589e+00 9.284718388356008045e-01
6.221822575237403008e+00 9.076535975602442186e-01
6.276344579704606907e+00 8.872963411729640759e-01
6.331344362015055793e+00 8.673900102378168109e-01
6.386826108949305691e+00 8.479247611129212547e-01
6.442794043976783236e+00 8.288909614128890935e-01
6.499252427577267177e+00 8.102791855644129182e-01
6.556205557565268904e+00 7.920802104532377319e-01
6.613657769417168986e+00 7.742850111605893426e-01
6.671613436601216307e+00 7.568847567873765447e-01
6.730076970910512379e+00 7.398708063643157917e-01
6.789052822798820941e+00 7.232347048463184658e-01
6.848545481719360950e+00 7.069681791894126821e-01
6.908559476466522575e+00 6.910631345085986865e-01
6.969099375520684703e+00 6.755116503149468654e-01
7.030169787395942116e+00 6.603059768303831678e-01
7.091775360990894228e+00 6.454385313786110689e-01
7.153920785942603722e+00 6.309018948506343039e-01
7.216610792983555456e+00 6.166888082183530351e-01
7.279850154301734655e+00 6.027921688763572261e-01
7.343643683903979813e+00 5.892050274523183973e-01
7.407996237982410470e+00 5.759205847606703177e-01
7.472912715284048879e+00 5.629321886203477732e-01
7.538398057483816750e+00 5.502333307349138725e-01
7.604457249560653054e+00 5.378176436374995095e-01
7.671095320177023780e+00 5.256788976991932927e-01
7.738317342061663773e+00 5.138109981996537012e-01
7.806128432395806449e+00 5.022079824586245245e-01
7.874533753202694442e+00 4.908640170271633685e-01
7.943538511740475094e+00 4.797733949373393925e-01
8.013147960898692190e+00 4.689305330092591872e-01
8.083367399598099468e+00 4.583299692141699633e-01
8.154202173194008196e+00 4.479663600926190870e-01
8.225657673883260301e+00 4.378344782264407820e-01
8.297739341114670708e+00 4.279292097635277181e-01
8.370452662003057043e+00 4.182455519943251154e-01
8.443803171747019221e+00 4.087786109789543487e-01
8.517796454050239774e+00 3.995235992239502543e-01
8.592438141546566044e+00 3.904758334076124382e-01
8.667733916228728575e+00 3.816307321529708863e-01
8.743689509880969268e+00 3.729838138473677289e-01
8.820310704515303968e+00 3.645306945077436689e-01
8.897603332811645060e+00 3.562670856906554606e-01
8.975573278561881807e+00 3.481887919535483489e-01
9.054226477117740757e+00 3.402917076770936022e-01
9.133568915842547042e+00 3.325718165969904216e-01
9.213606634567106823e+00 3.250251902783177771e-01
9.294345726049423106e+00 3.176479862234171669e-01
9.375792336438509622e+00 3.104364460198819620e-01
9.457952665742222820e+00 3.033868935277760914e-01
9.540832968299293171e+00 2.964957331053040268e-01
9.624439553255406565e+00 2.897594478720911804e-01
9.708778785043415738e+00 2.831745980093282045e-01
9.793857083867925084e+00 2.767378190959929873e-01
9.879680926193968205e+00 2.704458204804083277e-01
9.966256845239977125e+00 2.642953836863778938e-01
1.005359143147520662e+01 2.582833608532130176e-01
1.014169133312137383e+01 2.524066732089130238e-01
1.023056325665870503e+01 2.466623095758276041e-01
1.032021396733654051e+01 2.410473249081078739e-01
1.041065028968828265e+01 2.355588388602910532e-01
1.050187910805091818e+01 2.301940343863749794e-01
1.059390736708902025e+01 2.249501563687203998e-01
1.068674207232350959e+01 2.198245102761869629e-01
1.078039029066487409e+01 2.148144608508711084e-01
1.087485915095108702e+01 2.099174308228527464e-01
1.097015584449037817e+01 2.051308996523710793e-01
1.106628762560861823e+01 2.004524023468079730e-01
1.116326181220146374e+01 1.958795297977446170e-01
1.126108578629157364e+01 1.914099277658850295e-01
1.135976699459046735e+01 1.870412937718953506e-01
1.145931294906534248e+01 1.827713758617270368e-01
1.155973122751103510e+01 1.785979715193364015e-01
1.166102947412679391e+01 1.745189266022428576e-01
1.176321540009821653e+01 1.705321342994811085e-01
1.186629678418417022e+01 1.666355341114529875e-01
1.197028147330906656e+01 1.628271108512736043e-01
1.207517738316013478e+01 1.591048936671384251e-01
1.218099249878992474e+01 1.554669550852977589e-01
1.228773487522429875e+01 1.519114100732180672e-01
1.239541263807551985e+01 1.484364151225020523e-01
1.250403398416076328e+01 1.450401673511864387e-01
1.261360718212620391e+01 1.417209036249905685e-01
1.272414057307639368e+01 1.384768996971522670e-01
1.283564257120915109e+01 1.353064693664518814e-01
1.294812166445620250e+01 1.322079636530647806e-01
1.306158641512924845e+01 1.291797699918579012e-01
1.317604546057177473e+01 1.262203114427854211e-01
1.329150751381648909e+01 1.233280459180283728e-01
1.340798136424871068e+01 1.205014654255299744e-01
1.352547587827539211e+01 1.177390953285858410e-01
1.364399999999998059e+01 1.150394936211622393e-01
