# pythoncamb#
6.731999999999999920e-05 1.350310307752908102e+03
6.790992703445769226e-05 1.361734229540550587e+03
6.850502361594423795e-05 1.373254708528069841e+03
6.910533504534422116e-05 1.384872543079652360e+03
6.971090702051510016e-05 1.396588537863222427e+03
7.032178563976595066e-05 1.408403504385599263e+03
7.093801740536660803e-05 1.420318274246358214e+03
7.155964922708756037e-05 1.432333701211181506e+03
7.218672842577097157e-05 1.444450647335095027e+03
7.281930273693283467e-05 1.456669982262785879e+03
7.345742031439681094e-05 1.468992583297967940e+03
7.410112973395984967e-05 1.481419333838171269e+03
7.475047999708992743e-05 1.493951110733274390e+03
7.540552053465635410e-05 1.506588790769114439e+03
7.606630121069241513e-05 1.519333257812222655e+03
7.673287232619132605e-05 1.532185402924487789e+03
7.740528462293539053e-05 1.545146124419460193e+03
7.808358928735845714e-05 1.558216329427114715e+03
7.876783795444256898e-05 1.571396937877832215e+03
7.945808271164854898e-05 1.584688878559990826e+03
8.015437610288110343e-05 1.598093088022520533e+03
8.085677113248863348e-05 1.611610510639137374e+03
8.156532126929806647e-05 1.625242098678637831e+03
8.228008045068524901e-05 1.638988812708176283e+03
8.300110308668067155e-05 1.652851621868473558e+03
8.372844406411145948e-05 1.666831503465012247e+03
8.446215875077957660e-05 1.680929442989649488e+03
8.520230299967649842e-05 1.695146434188815192e+03
8.594893315323507365e-05 1.709483479193997482e+03
8.670210604761845175e-05 1.723941589395200481e+03
8.746187901704664596e-05 1.738521785312647580e+03
8.822830989816107046e-05 1.753225096067413006e+03
8.900145703442718719e-05 1.768052559439342986e+03
8.978137928057591300e-05 1.783005221939788953e+03
9.056813600708377339e-05 1.798084137308377194e+03
9.136178710469249412e-05 1.813290359752271343e+03
9.216239298896796296e-05 1.828624949334658368e+03
9.297001460489940174e-05 1.844088974707945226e+03
9.378471343153865390e-05 1.859683513181910939e+03
9.460655148668022443e-05 1.875409650816263593e+03
9.543559133158226215e-05 1.891268487999931722e+03
9.627189607572895829e-05 1.907261146667006415e+03
9.711552938163467354e-05 1.923388760006561142e+03
9.796655546969014548e-05 1.939652470890921677e+03
9.882503912305121044e-05 1.956053431959676345e+03
9.969104569257031061e-05 1.972592805339799952e+03
1.005646411017711796e-04 1.989271754149099479e+03
1.014458918518672617e-04 2.006091441926531161e+03
1.023348650268239741e-04 2.023053041256129973e+03
1.032316282984654211e-04 2.040157734256592221e+03
1.041362499316257092e-04 2.057406712655858882e+03
1.050487987893456506e-04 2.074801178299931053e+03
1.059693443381148128e-04 2.092342346281678601e+03
1.068979566531594978e-04 2.110031443331958599e+03
1.078347064237772065e-04 2.127869706296620734e+03
1.087796649587176832e-04 2.145858382207929026e+03
1.097329041916112721e-04 2.163998728366701471e+03
1.106944966864446665e-04 2.182292013142747237e+03
1.116645156430848919e-04 2.200739517732631612e+03
1.126430349028513327e-04 2.219342534443584100e+03
1.136301289541370225e-04 2.238102366309268746e+03
1.146258729380787364e-04 2.257020327177637228e+03
1.156303426542772421e-04 2.276097741785301423e+03
1.166436145665672474e-04 2.295335945130456366e+03
1.176657658088381837e-04 2.314736282196518005e+03
1.186968741909059195e-04 2.334300108992533751e+03
1.197370182044358927e-04 2.354028792725679523e+03
1.207862770289181754e-04 2.373923711892092342e+03
1.218447305376949474e-04 2.393986255947585505e+03
1.229124593040407151e-04 2.414217820493345698e+03
1.239895446072957787e-04 2.434619808853682571e+03
1.250760684390536659e-04 2.455193635620087207e+03
1.261721135094023957e-04 2.475940726807107239e+03
1.272777632532208741e-04 2.496862519940694710e+03
1.283931018365300962e-04 2.517960466929849190e+03
1.295182141629003746e-04 2.539236045077800554e+03
1.306531858799142413e-04 2.560690748178945341e+03
1.317981033856864602e-04 2.582326082607553872e+03
1.329530538354408245e-04 2.604143567423189779e+03
1.341181251481448234e-04 2.626144734404988867e+03
1.352934060132022869e-04 2.648331116698219375e+03
1.364789858972047937e-04 2.670704235895916099e+03
1.376749550507420331e-04 2.693265622456789515e+03
1.388814045152723128e-04 2.716016818724847326e+03
1.400984261300526439e-04 2.738959379013181660e+03
1.413261125391300282e-04 2.762094870741209434e+03
1.425645571983938690e-04 2.785424896293985057e+03
1.438138543826900713e-04 2.808951093190672964e+03
1.450740991929976747e-04 2.832675113731824240e+03
1.463453875636682605e-04 2.856598624246410964e+03
1.476278162697287856e-04 2.880723305212573450e+03
1.489214829342484108e-04 2.905050847269281348e+03
1.502264860357701106e-04 2.929582925112646990e+03
1.515429249158069551e-04 2.954321213315937257e+03
1.528708997864044474e-04 2.979267399393403593e+03
1.542105117377691329e-04 3.004423183950533257e+03
1.555618627459637781e-04 3.029790280780263856e+03
1.569250556806702586e-04 3.055370423265565023e+03
1.583001943130202629e-04 3.081165377627089583e+03
1.596873833234949255e-04 3.107176928073446106e+03
1.610867283098932519e-04 3.133406873380957222e+03
1.624983357953707185e-04 3.159857027009650210e+03
1.639223132365482652e-04 3.186529217153862191e+03
1.653587690316920308e-04 3.213425284047139940e+03
1.668078125289652977e-04 3.240547078924397283e+03
1.682695540347523997e-04 3.267896467660248163e+03
1.697441048220553798e-04 3.295475331158040717e+03
1.712315771389648887e-04 3.323285565466221669e+03
1.727320842172046472e-04 3.351329081310148467e+03
1.742457402807510969e-04 3.379607798068229840e+03
1.757726605545286748e-04 3.408123646081133757e+03
1.773129612731809272e-04 3.436878570843195575e+03
1.788667596899188466e-04 3.465874533181286097e+03
1.804341740854465391e-04 3.495113509367921779e+03
1.820153237769654144e-04 3.524597490825376099e+03
1.836103291272565483e-04 3.554328482787146640e+03
1.852193115538435723e-04 3.584308505677984158e+03
1.868423935382353357e-04 3.614539595732233010e+03
1.884796986352493386e-04 3.645023805108556644e+03
1.901313514824176198e-04 3.675763202042226567e+03
1.917974778094742579e-04 3.706759875290954824e+03
1.934782044479265177e-04 3.738015938535659643e+03
1.951736593407096441e-04 3.769533523264892665e+03
1.968839715519265208e-04 3.801314777957187744e+03
1.986092712766721416e-04 3.833361868210307421e+03
2.003496898509450066e-04 3.865676976277019094e+03
2.021053597616443885e-04 3.898262290343207042e+03
2.038764146566561498e-04 3.931120005362151915e+03
2.056629893550260561e-04 3.964252332799999749e+03
2.074652198572231592e-04 3.997661501111077996e+03
2.092832433554923553e-04 4.031349755856254887e+03
2.111171982442979086e-04 4.065319360883321679e+03
2.129672241308586979e-04 4.099572604586769557e+03
2.148334618457754851e-04 4.134111796071856588e+03
2.167160534537516687e-04 4.168939262423685250e+03
2.186151422644073874e-04 4.204057348828394424e+03
2.205308728431891149e-04 4.239468418700715119e+03
2.224633910223742573e-04 4.275174851427103022e+03
2.244128439121726793e-04 4.311179038060960011e+03
2.263793799119249127e-04 4.347483386793459431e+03
2.283631487213991641e-04 4.384090324222375784e+03
2.303643013521869572e-04 4.421002295479623172e+03
2.323829901391983861e-04 4.458221764418357452e+03
2.344193687522587693e-04 4.495751215860680531e+03
2.364735922078062692e-04 4.533593156400324006e+03
2.385458168806926468e-04 4.571750112032198558e+03
2.406362005160863650e-04 4.610224628113606741e+03
2.427449022414818083e-04 4.649019269499525763e+03
2.448720825788115014e-04 4.688136618569850725e+03
2.470179034566664499e-04 4.727579255414670115e+03
2.491825282226222456e-04 4.767349766125394126e+03
2.513661216556738621e-04 4.807450755400369417e+03
2.535688499787793317e-04 4.847884846823862063e+03
2.557908808715128731e-04 4.888654682979662539e+03
2.580323834828296913e-04 4.929762934087755639e+03
2.602935284439418539e-04 4.971212325400543705e+03
2.625744878813076298e-04 5.013005612250984086e+03
2.648754354297339097e-04 5.055145571258662130e+03
2.671965462455947989e-04 5.097635000483169279e+03
2.695379970201638889e-04 5.140476719339846568e+03
2.718999659930659537e-04 5.183673546708623689e+03
2.742826329658442220e-04 5.227228282273316836e+03
2.766861793156479422e-04 5.271143741409154245e+03
2.791107880090393169e-04 5.315422759397799382e+03
2.815566436159215439e-04 5.360068191538735846e+03
2.840239323235894259e-04 5.405082914429171069e+03
2.865128419509016815e-04 5.450469844995083804e+03
2.890235619625792954e-04 5.496231938149423513e+03
2.915562834836276838e-04 5.542372171093999896e+03
2.941111993138861456e-04 5.588893542951031122e+03
2.966885039427042195e-04 5.635799074903457040e+03
2.992883935637470063e-04 5.683091807640025763e+03
3.019110660899304338e-04 5.730774787349084363e+03
3.045567211684863541e-04 5.778851075622422286e+03
3.072255601961613233e-04 5.827323755785227149e+03
3.099177863345468952e-04 5.876195933033983238e+03
3.126336045255455483e-04 5.925470734561155041e+03
3.153732215069711083e-04 5.975151308984814023e+03
3.181368458282868099e-04 6.025240825325775404e+03
3.209246878664804561e-04 6.075742474603450319e+03
3.237369598420795479e-04 6.126659470245891498e+03
3.265738758353056259e-04 6.177995048215968382e+03
3.294356518023714548e-04 6.229752466694125360e+03
3.323225055919200224e-04 6.281934992514476107e+03
3.352346569616077910e-04 6.334545898140025201e+03
3.381723275948341541e-04 6.387588477039657846e+03
3.411357411176159046e-04 6.441066044736100594e+03
3.441251231156111602e-04 6.494981938910979807e+03
3.471407011512910664e-04 6.549339523413776988e+03
3.501827047812634494e-04 6.604142221717942448e+03
3.532513655737467401e-04 6.659393501716966966e+03
3.563469171261985052e-04 6.715096856189443315e+03
3.594695950830967420e-04 6.771255802739067803e+03
3.626196371538790877e-04 6.827873883942585962e+03
3.657972831310376117e-04 6.884954648359494058e+03
3.690027749083722264e-04 6.942501595539466507e+03
3.722363564994054272e-04 7.000518229629534289e+03
3.754982740559564651e-04 7.059008076577462816e+03
3.787887758868805884e-04 7.117974684206231359e+03
3.821081124769697222e-04 7.177421622688331809e+03
3.854565365060214706e-04 7.237352514220443481e+03
3.888343028680731886e-04 7.297771054647673736e+03
3.922416686908061106e-04 7.358680969550628106e+03
3.956788933551182901e-04 7.420086009686388934e+03
3.991462385148698182e-04 7.481989951118517638e+03
4.026439681168012441e-04 7.544396592862362922e+03
4.061723484206248712e-04 7.607309721145169533e+03
4.097316480192953261e-04 7.670733116410266121e+03
4.133221378594539256e-04 7.734670581729067635e+03
4.169440912620555142e-04 7.799125943662118516e+03
4.205977839431735994e-04 7.864103052339992246e+03
4.242834940349898549e-04 7.929605786434030961e+03
4.280015021069654454e-04 7.995638076496045869e+03
4.317520911872001340e-04 8.062203887928370932e+03
4.355355467839761388e-04 8.129307211483614083e+03
4.393521569074931876e-04 8.196952063360531611e+03
4.432022120917924958e-04 8.265142485197511633e+03
4.470860054168725932e-04 8.333882509602111895e+03
4.510038325310006865e-04 8.403176109770469338e+03
4.549559916732178236e-04 8.473027268334752080e+03
4.589427836960421414e-04 8.543439989435053576e+03
4.629645120883706848e-04 8.614418298735521603e+03
4.670214829985822372e-04 8.685966246266636517e+03
4.711140052578421380e-04 8.758087982151311735e+03
4.752423904036122307e-04 8.830787767825939227e+03
4.794069527033652917e-04 8.904069896449549560e+03
4.836080091785090900e-04 8.977938688665637528e+03
4.878458796285189383e-04 9.052398492725322285e+03
4.921208866552813930e-04 9.127453670438690096e+03
4.964333556876526256e-04 9.203108487791760126e+03
5.007836150062309252e-04 9.279367170710736900e+03
5.051719957683463652e-04 9.356233965948751575e+03
5.095988320332706187e-04 9.433713141571044616e+03
5.140644607876449683e-04 9.511808986942072806e+03
5.185692219711348066e-04 9.590525830952561591e+03
5.231134585023060725e-04 9.669868089184768905e+03
5.276975163047296956e-04 9.749840215613603505e+03
5.323217443333146982e-04 9.830446688724174237e+03
5.369864946008709320e-04 9.911692011551494943e+03
5.416921222049070860e-04 9.993580711526316009e+03
5.464389853546608227e-04 1.007611732893689441e+04
5.512274453983677640e-04 1.015930640988259256e+04
5.560578668507672661e-04 1.024315252253647850e+04
5.609306174208523576e-04 1.032766025871433703e+04
5.658460680398599363e-04 1.041283423388470146e+04
5.708045928895079477e-04 1.049867908284793702e+04
5.758065694304783516e-04 1.058519940384074471e+04
5.808523784311522744e-04 1.067239977256152997e+04
5.859424039965945279e-04 1.076028478375998748e+04
5.910770335977933495e-04 1.084885905213750812e+04
5.962566581011564471e-04 1.093812721227412840e+04
6.014816717982636755e-04 1.102809393400669796e+04
6.067524724358839324e-04 1.111876398893995065e+04
6.120694612462517208e-04 1.121014219831612354e+04
6.174330429776110759e-04 1.130223340708848082e+04
6.228436259250257718e-04 1.139504248389825625e+04
6.283016219614610126e-04 1.148857432076799705e+04
6.338074465691357403e-04 1.158283377026662129e+04
6.393615188711517395e-04 1.167782556472493525e+04
6.449642616633981295e-04 1.177355443401616503e+04
6.506161014467355804e-04 1.187002512409438532e+04
6.563174684594640486e-04 1.196724239682873849e+04
6.620687967100739217e-04 1.206521103335970838e+04
6.678705240102841530e-04 1.216393591630120318e+04
6.737230920083690094e-04 1.226342203538449394e+04
6.796269462227799403e-04 1.236367440551470099e+04
6.855825360760588790e-04 1.246469806275003430e+04
6.915903149290492666e-04 1.256649806422788788e+04
6.976507401154093515e-04 1.266907947040131330e+04
7.037642729764235355e-04 1.277244722121861741e+04
7.099313788961240197e-04 1.287660620487419692e+04
7.161525273367157001e-04 1.298156132242440253e+04
7.224281918743143995e-04 1.308731748795377825e+04
7.287588502349951793e-04 1.319387962834141399e+04
7.351449843311614685e-04 1.330125269346494133e+04
7.415870802982277429e-04 1.340944168014263778e+04
7.480856285316276819e-04 1.351845160573345856e+04
7.546411237241419483e-04 1.362828750111073168e+04
7.612540649035593604e-04 1.373895441043405299e+04
7.679249554706629993e-04 1.385045739076224527e+04
7.746543032375500333e-04 1.396280150418152698e+04
7.814426204662907900e-04 1.407599181371820850e+04
7.882904239079204607e-04 1.419003339319192673e+04
7.951982348417792681e-04 1.430493132782047178e+04
8.021665791151926395e-04 1.442069071395021456e+04
8.091959871835008181e-04 1.453731665321239780e+04
8.162869941504378047e-04 1.465481418774116173e+04
8.234401398088683028e-04 1.477318831973778470e+04
8.306559686818756200e-04 1.489244405645508414e+04
8.379350300642146197e-04 1.501258641071156671e+04
8.452778780641256049e-04 1.513362040051445365e+04
8.526850716455135768e-04 1.525555104584213950e+04
8.601571746705010020e-04 1.537838335720896794e+04
8.676947559423499670e-04 1.550212234442209774e+04
8.752983892487605508e-04 1.562677302022283220e+04
8.829686534055504032e-04 1.575234039986507378e+04
8.907061323007169377e-04 1.587882950057647031e+04
8.985114149388843084e-04 1.600624532394193739e+04
9.063850954861405905e-04 1.613459283612816398e+04
9.143277733152667917e-04 1.626387699783133394e+04
9.223400530513652844e-04 1.639410276815369070e+04
9.304225446178852714e-04 1.652527510410810646e+04
9.385758632830514675e-04 1.665739896144449085e+04
9.468006297067017418e-04 1.679047932140792545e+04
9.550974699875325281e-04 1.692452119015013523e+04
9.634670157107614371e-04 1.705952957264747602e+04
9.719099039962044665e-04 1.719550947112120411e+04
9.804267775467771350e-04 1.733246588453192453e+04
9.890182846974168284e-04 1.747040378110840174e+04
9.976850794644392603e-04 1.760932792692544172e+04
1.006427821595323518e-03 1.774924298859400005e+04
1.015247176618933392e-03 1.789015361694906096e+04
1.024143815896181708e-03 1.803206444670427663e+04
1.033118416671134198e-03 1.817498009575055039e+04
1.042171662122566133e-03 1.831890520254738658e+04
1.051304241415967813e-03 1.846384450420514622e+04
1.060516849756005207e-03 1.860980274551179173e+04
1.069810188439441600e-03 1.875678465707654686e+04
1.079184964908524785e-03 1.890479495465641230e+04
1.088641892804837656e-03 1.905383833667395083e+04
1.098181692023624976e-03 1.920391940806879575e+04
1.107805088768592855e-03 1.935504264922567745e+04
1.117512815607189835e-03 1.950721250955482174e+04
1.127305611526375649e-03 1.966043341395161769e+04
1.137184221988872014e-03 1.981470976196862466e+04
1.147149398989911508e-03 1.997004592042299191e+04
1.157201901114481056e-03 2.012644615424921722e+04
1.167342493595069797e-03 2.028391465042939672e+04
1.177571948369920659e-03 2.044245556237214623e+04
1.187891044141793032e-03 2.060207300970163487e+04
1.198300566437238710e-03 2.076277107730467469e+04
1.208801307666401920e-03 2.092455383191422879e+04
1.219394067183338483e-03 2.108742538292431345e+04
1.230079651346867092e-03 2.125138982718895932e+04
1.240858873581950550e-03 2.141645122666425959e+04
1.251732554441616291e-03 2.158261360746893115e+04
1.262701521669421607e-03 2.174988095805351622e+04
1.273766610262464221e-03 2.191825712505544288e+04
1.284928662534944510e-03 2.208774571151366399e+04
1.296188528182284135e-03 2.225835024818850070e+04
1.307547064345811064e-03 2.243007421477949538e+04
1.319005135678005770e-03 2.260292103876519104e+04
1.330563614408322931e-03 2.277689409672335387e+04
1.342223380409588839e-03 2.295199675828604813e+04
1.353985321264977986e-03 2.312823238167819727e+04
1.365850332335581847e-03 2.330560427255610921e+04
1.377819316828566816e-03 2.348411568137206268e+04
1.389893185865928669e-03 2.366376980220116820e+04
1.402072858553849409e-03 2.384456976088683950e+04
1.414359262052664740e-03 2.402651855253208851e+04
1.426753331647443021e-03 2.420961908025522280e+04
1.439256010819181140e-03 2.439387418247251844e+04
1.451868251316625101e-03 2.457928663171338849e+04
1.464591013228723568e-03 2.476585913331150005e+04
1.477425265057710031e-03 2.495359430385190717e+04
1.490371983792830720e-03 2.514249463259233744e+04
1.503432154984716542e-03 2.533256252546303222e+04
1.516606772820403362e-03 2.552380031332856015e+04
1.529896840199018206e-03 2.571621025062189074e+04
1.543303368808120538e-03 2.590979451145439089e+04
1.556827379200716177e-03 2.610455509859564700e+04
1.570469900872944503e-03 2.630049381451080990e+04
1.584231972342448275e-03 2.649761236578431271e+04
1.598114641227430400e-03 2.669591236890310756e+04
1.612118964326400908e-03 2.689539534874372112e+04
1.626246007698624102e-03 2.709606274426947493e+04
1.640496846745271523e-03 2.729791597480000200e+04
1.654872566291284422e-03 2.750095641021905249e+04
1.669374260667956349e-03 2.770518532703164601e+04
1.684003033796237399e-03 2.791060390631120754e+04
1.698759999270763998e-03 2.811721323219636542e+04
1.713646280444636573e-03 2.832501425375691178e+04
1.728663010514929280e-03 2.853400766725124777e+04
1.743811332608954977e-03 2.874419402257739421e+04
1.759092399871279395e-03 2.895557375981465884e+04
1.774507375551509416e-03 2.916814720759342526e+04
1.790057433092840083e-03 2.938191458102548131e+04
1.805743756221380716e-03 2.959687594050963526e+04
1.821567539036267509e-03 2.981303115687449827e+04
1.837529986100557835e-03 3.003037997210219328e+04
1.853632312532930548e-03 3.024892200493565542e+04
1.869875744100183389e-03 3.046865674916994612e+04
1.886261517310543114e-03 3.068958357231449190e+04
1.902790879507789638e-03 3.091170171986299829e+04
1.919465088966214143e-03 3.113501031274187335e+04
1.936285414986399240e-03 3.135950834057906468e+04
1.953253137991844361e-03 3.158519465982665861e+04
1.970369549626436404e-03 3.181206799203922128e+04
1.987635952852770393e-03 3.204012688706935296e+04
2.005053662051342264e-03 3.226936953875083782e+04
2.022624003120600342e-03 3.249979391097061307e+04
2.040348313577877628e-03 3.273139781600906645e+04
2.058227942661206185e-03 3.296417891284450889e+04
2.076264251432032720e-03 3.319813470535432134e+04
2.094458612878820607e-03 3.343326256180960627e+04
2.112812412021570878e-03 3.366955974782466365e+04
2.131327046017252643e-03 3.390702337941904989e+04
2.150003924266158991e-03 3.414565041254902462e+04
2.168844468519199199e-03 3.438543764129970077e+04
2.187850112986125528e-03 3.462638169210345950e+04
2.207022304444708916e-03 3.486847890024281514e+04
2.226362502350873532e-03 3.511172528153743042e+04
2.245872178949798008e-03 3.535611666639261239e+04
2.265552819387986819e-03 3.560164870623988827e+04
2.285405921826323076e-03 3.584831687166407937e+04
2.305432997554115754e-03 3.609611644131227513e+04
2.325635571104145254e-03 3.634504242186214833e+04
2.346015180368713361e-03 3.659508958290155715e+04
2.366573376716716703e-03 3.684625250125944149e+04
2.387311725111741084e-03 3.709852555961013422e+04
2.408231804231188416e-03 3.735190294460823498e+04
2.429335206586457924e-03 3.760637858021862485e+04
2.450623538644169496e-03 3.786194594106537261e+04
2.472098420948456478e-03 3.811859823248700559e+04
2.493761488244321430e-03 3.837632844626905717e+04
2.515614389602086054e-03 3.863512935873557581e+04
2.537658788542920558e-03 3.889499352970212931e+04
2.559896363165478032e-03 3.915591336196137127e+04
2.582328806273636885e-03 3.941788114309779485e+04
2.604957825505360008e-03 3.968088895218168909e+04
2.627785143462693651e-03 3.994492864833737985e+04
2.650812497842890397e-03 4.020999186898914922e+04
2.674041641570695706e-03 4.047607001071755803e+04
2.697474342931779814e-03 4.074315397833973111e+04
2.721112385707349663e-03 4.101123423410391115e+04
2.744957569309939595e-03 4.128030099323993636e+04
2.769011708920385544e-03 4.155034422756469576e+04
2.793276635626000537e-03 4.182135366374698788e+04
2.817754196559968394e-03 4.209331874441153195e+04
2.842446255041954344e-03 4.236622845125610183e+04
2.867354690719942957e-03 4.264007143470707524e+04
2.892481399713329841e-03 4.291483608488155005e+04
2.917828294757251507e-03 4.319051053000941465e+04
2.943397305348202826e-03 4.346708263491158141e+04
2.969190377890905657e-03 4.374454003015395574e+04
2.995209475846484157e-03 4.402287015467852325e+04
3.021456579881920748e-03 4.430206019287224626e+04
3.047933688020845223e-03 4.458209706244896370e+04
3.074642815795618385e-03 4.486296741303533054e+04
3.101585996400771372e-03 4.514465761764864146e+04
3.128765280847774655e-03 4.542715358210512932e+04
3.156182738121164448e-03 4.571044071862424607e+04
3.183840455336052998e-03 4.599450414448408992e+04
3.211740537896997164e-03 4.627932869157742243e+04
3.239885109658273855e-03 4.656489890518238826e+04
3.268276313085550621e-03 4.685119896332910139e+04
3.296916309418985221e-03 4.713821206738498586e+04
3.325807278837741160e-03 4.742592075895765447e+04
3.354951420625955621e-03 4.771430725847798749e+04
3.384350953340147655e-03 4.800335346680288785e+04
3.414008114978114329e-03 4.829304096418211702e+04
3.443925163149288808e-03 4.858335141834070237e+04
3.474104375246597244e-03 4.887426762791797955e+04
3.504548048619825738e-03 4.916577243068255484e+04
3.535258500750496080e-03 4.945784839224979078e+04
3.566238069428288426e-03 4.975047780559542298e+04
3.597489112928999640e-03 5.004364262665410934e+04
3.629014010194063326e-03 5.033732067672430276e+04
3.660815161011637606e-03 5.063148339470032806e+04
3.692894986199295789e-03 5.092610119276927435e+04
3.725255927788307785e-03 5.122114396381989354e+04
3.757900449209521359e-03 5.151658108050451847e+04
3.790831035480899617e-03 5.181238290339113883e+04
3.824050193396696939e-03 5.210854007580047619e+04
3.857560451718264252e-03 5.240505836442612053e+04
3.891364361366559093e-03 5.270194420587286004e+04
3.925464495616342274e-03 5.299920437578156270e+04
3.959863450292035528e-03 5.329684599089695985e+04
3.994563843965359858e-03 5.359486605543448968e+04
4.029568318154641386e-03 5.389320692515924020e+04
4.064879537525904404e-03 5.419179198561291560e+04
4.100500190095726465e-03 5.449054311691356270e+04
4.136432987435836005e-03 5.478938070160269126e+04
4.172680664879553115e-03 5.508822374179148028e+04
4.209245981729989317e-03 5.538701416841798346e+04
4.246131721470106958e-03 5.568574744047852437e+04
4.283340691974616560e-03 5.598442659032539086e+04
4.320875725723704285e-03 5.628305501475401252e+04
4.358739680018657199e-03 5.658163647643369040e+04
4.396935437199382853e-03 5.688017418582431856e+04
4.435465904863803224e-03 5.717864956202563189e+04
4.474334016089211510e-03 5.747702115258650883e+04
4.513542729655532770e-03 5.777524588741431944e+04
4.553095030270558688e-03 5.807328009486624796e+04
4.592993928797172061e-03 5.837107950427284231e+04
4.633242462482515048e-03 5.866860079749595752e+04
4.673843695189225204e-03 5.896581233013283781e+04
4.714800717628645638e-03 5.926268795870571194e+04
4.756116647596106417e-03 5.955920138157662586e+04
4.797794630208276380e-03 5.985532610746554565e+04
4.839837838142557573e-03 6.015103545588129055e+04
4.882249471878613405e-03 6.044629492952344299e+04
4.925032759942012291e-03 6.074104484051583131e+04
4.968190959149965114e-03 6.103521963988674543e+04
5.011727354859276187e-03 6.132875287872029003e+04
5.055645261216416657e-03 6.162157721531805873e+04
5.099948021409808803e-03 6.191362494922534825e+04
5.144639007924347272e-03 6.220485390835512226e+04
5.189721622798083508e-03 6.249525984652464831e+04
5.235199297881242518e-03 6.278484186778826552e+04
5.281075495097435797e-03 6.307359948266056745e+04
5.327353706707205726e-03 6.336153260822591255e+04
5.374037455573887553e-03 6.364863847462282865e+04
5.421130295431745606e-03 6.393487618810452841e+04
5.468635811156534639e-03 6.422017841703370505e+04
5.516557619038364030e-03 6.450447654448899266e+04
5.564899367056992327e-03 6.478770116248193517e+04
5.613664735159538260e-03 6.506978208269970492e+04
5.662857435540591747e-03 6.535065221100683266e+04
5.712481212924797741e-03 6.563026240520480496e+04
5.762539844851952836e-03 6.590856877709794207e+04
5.813037141964512260e-03 6.618552718007795920e+04
5.863976948297720641e-03 6.646109321580691903e+04
5.915363141572193943e-03 6.673522224864781310e+04
5.967199633489124293e-03 6.700787039426931005e+04
6.019490370028062615e-03 6.727899559902308101e+04
6.072239331747268654e-03 6.754855589192949992e+04
6.125450534086768033e-03 6.781650914378423477e+04
6.179128027673979305e-03 6.808281307524550357e+04
6.233275898632087073e-03 6.834742463172331918e+04
6.287898268891099589e-03 6.861028715875335911e+04
6.342999296501596052e-03 6.887133077484832029e+04
6.398583175951270269e-03 6.913048456162110961e+04
6.454654138484243811e-03 6.938767708859551931e+04
6.511216452423129568e-03 6.964283643042114272e+04
6.568274423493988823e-03 6.989589238371489046e+04
6.625832395154061284e-03 7.014679023991552822e+04
6.683894748922429400e-03 7.039548211927436932e+04
6.742465904713564918e-03 7.064192010110671981e+04
6.801550321173745542e-03 7.088605620580859249e+04
6.861152496020520367e-03 7.112784240386179590e+04
6.921276966385038476e-03 7.136722649937488313e+04
6.981928309157461876e-03 7.160414379540845403e+04
7.043111141335381235e-03 7.183852704321204510e+04
7.104830120375243974e-03 7.207030875599144201e+04
7.167089944546941281e-03 7.229942122872422624e+04
7.229895353291417893e-03 7.252579665231672698e+04
7.293251127581470289e-03 7.274937101041142887e+04
7.357162090285709020e-03 7.297008553745642712e+04
7.421633106535663500e-03 7.318788182373534073e+04
7.486669084096138523e-03 7.340270145947784476e+04
7.552274973738845078e-03 7.361448605320874776e+04
7.618455769619212649e-03 7.382317659881363215e+04
7.685216509656625852e-03 7.402870679687929805e+04
7.752562275917872052e-03 7.423100570410257205e+04
7.820498195004034134e-03 7.443000226595943968e+04
7.889029438440761655e-03 7.462562541365349898e+04
7.958161223071901283e-03 7.481780409007273556e+04
8.027898811456676484e-03 7.500646798740654776e+04
8.098247512270241241e-03 7.519155003204119566e+04
8.169212680707815116e-03 7.537298415837615903e+04
8.240799718892369286e-03 7.555070446445318521e+04
8.313014076285804577e-03 7.572464523767464561e+04
8.385861250103805384e-03 7.589474095809724531e+04
8.459346785734338237e-03 7.606092371834896039e+04
8.533476277159725634e-03 7.622312081123038661e+04
8.608255367382541476e-03 7.638125919098158192e+04
8.683689748855126858e-03 7.653526607129418699e+04
8.759785163912944816e-03 7.668506895755820733e+04
8.836547405211723702e-03 7.683059570064987929e+04
8.913982316168361439e-03 7.697177490714289888e+04
8.992095791405817912e-03 7.710853593245572119e+04
9.070893777201773436e-03 7.724080857432649645e+04
9.150382271941299647e-03 7.736852309422369581e+04
9.230567326573513309e-03 7.749161025141128630e+04
9.311455045072140196e-03 7.761000075655020191e+04
9.393051584900200673e-03 7.772362202674527362e+04
9.475363157478756265e-03 7.783240048419969389e+04
9.558396028659692928e-03 7.793626315334613901e+04
9.642156519202763065e-03 7.803513770476596255e+04
9.726651005256688534e-03 7.812895249504121603e+04
9.811885918844558824e-03 7.821763672792198486e+04
9.897867748353487982e-03 7.830112071067543002e+04
9.984603039028476512e-03 7.837933561700971040e+04
1.007209839347071416e-02 7.845221346977482608e+04
1.016036047214014838e-02 7.851968718160319258e+04
1.024939599386252148e-02 7.858169053620334307e+04
1.033921173634086421e-02 7.863815614338328305e+04
1.042981453667136266e-02 7.868901492613631126e+04
1.052121129186391058e-02 7.873419868015177781e+04
1.061340895936706101e-02 7.877364028923369187e+04
1.070641455759768594e-02 7.880727377041238651e+04
1.080023516647525897e-02 7.883503423269116320e+04
1.089487792796076972e-02 7.885685712420646450e+04
1.099035004660039831e-02 7.887267864319677756e+04
1.108665879007400372e-02 7.888243629536828666e+04
1.118381148974827502e-02 7.888606894685454608e+04
1.128181554123492379e-02 7.888351687057719391e+04
1.138067840495357412e-02 7.887472155113566259e+04
1.148040760669971627e-02 7.885962498430241249e+04
1.158101073821763208e-02 7.883817045963097189e+04
1.168249545777822092e-02 7.881030286041938234e+04
1.178486949076206804e-02 7.877596871045225998e+04
1.188814063024745508e-02 7.873511621516766900e+04
1.199231673760362341e-02 7.868769483400962781e+04
1.209740574308924496e-02 7.863365495387841656e+04
1.220341564645603151e-02 7.857294870247326617e+04
1.231035451755775265e-02 7.850553008267568657e+04
1.241823049696455170e-02 7.843135501828542328e+04
1.252705179658258026e-02 7.835038142901123501e+04
1.263682670027919258e-02 7.826256974505327526e+04
1.274756356451346891e-02 7.816788286338004400e+04
1.285927081897237853e-02 7.806628578659787308e+04
1.297195696721249562e-02 7.795774565221893135e+04
1.308563058730726446e-02 7.784223177377475076e+04
1.320030033250006209e-02 7.771971582860375929e+04
1.331597493186284856e-02 7.759017264734764467e+04
1.343266319096068050e-02 7.745357968589347729e+04
1.355037399252206724e-02 7.730991672189765086e+04
1.366911629711506197e-02 7.715916588955539919e+04
1.378889914382947814e-02 7.700131171646037546e+04
1.390973165096488599e-02 7.683634225929614331e+04
1.403162301672476915e-02 7.666425085334849427e+04
1.415458251991675957e-02 7.648503373127483064e+04
1.427861952065890595e-02 7.629868959741758590e+04
1.440374346109222700e-02 7.610521965226034808e+04
1.452996386609953228e-02 7.590462770457791339e+04
1.465729034403038221e-02 7.569692286270527984e+04
1.478573258743262793e-02 7.548211998457789014e+04
1.491530037379015447e-02 7.526023661834490485e+04
1.504600356626720377e-02 7.503129282967621111e+04
1.517785211445924105e-02 7.479531121212634025e+04
1.531085605515026399e-02 7.455231751948774036e+04
1.544502551307693275e-02 7.430234584049318801e+04
1.558037070169922961e-02 7.404543587409713655e+04
1.571690192397795852e-02 7.378162976533417532e+04
1.585462957315910554e-02 7.351097206730925245e+04
1.599356413356491785e-02 7.323350973374256864e+04
1.613371618139203961e-02 7.294929462723729375e+04
1.627509638551668039e-02 7.265839043102378491e+04
1.641771550830663923e-02 7.236086523085267982e+04
1.656158440644070820e-02 7.205678922246393631e+04
1.670671403173501490e-02 7.174623468414295348e+04
1.685311543197674441e-02 7.142927602907063556e+04
1.700079975176520611e-02 7.110599553270441538e+04
1.714977823336008220e-02 7.077648698859877186e+04
1.730006221753734377e-02 7.044084675558033632e+04
1.745166314445245961e-02 7.009917279152170522e+04
1.760459255451128982e-02 6.975156460528758180e+04
1.775886208924864693e-02 6.939812406338269648e+04
1.791448349221437183e-02 6.903896731106686639e+04
1.807146860986742418e-02 6.867422149826111854e+04
1.822982939247756382e-02 6.830401486966972880e+04
1.838957789503509535e-02 6.792847643359507492e+04
1.855072627816858888e-02 6.754773589286835340e+04
1.871328680907049374e-02 6.716192665628496616e+04
1.887727186243101651e-02 6.677119983595640224e+04
1.904269392138014869e-02 6.637571252914451179e+04
1.920956557843785106e-02 6.597562162178475410e+04
1.937789953647273480e-02 6.557108369819488144e+04
1.954770860966897200e-02 6.516225498905381392e+04
1.971900572450177233e-02 6.474929998349775997e+04
1.989180392072146392e-02 6.433240304416260915e+04
2.006611635234600496e-02 6.391175013063994993e+04
2.024195628866244309e-02 6.348752564163640636e+04
2.041933711523690950e-02 6.305991232553942245e+04
2.059827233493361984e-02 6.262909180631399067e+04
2.077877556894281927e-02 6.219526032816828229e+04
2.096086055781757468e-02 6.175862959856409725e+04
2.114454116251979210e-02 6.131940925597000751e+04
2.132983136547544206e-02 6.087780586168338050e+04
2.151674527163878470e-02 6.043402282028552145e+04
2.170529710956629194e-02 5.998826318354275281e+04
2.189550123249959027e-02 5.954075099825197685e+04
2.208737211945817694e-02 5.909171838582937198e+04
2.228092437634165285e-02 5.864139294065876311e+04
2.247617273704144783e-02 5.818999757336821494e+04
2.267313206456256572e-02 5.773775046016134729e+04
2.287181735215488773e-02 5.728487241516501672e+04
2.307224372445455807e-02 5.683160489629095537e+04
2.327442643863537192e-02 5.637818902219289157e+04
2.347838088557013814e-02 5.592485981129402353e+04
2.368412259100226985e-02 5.547184616928674950e+04
2.389166721672779728e-02 5.501937113304022205e+04
2.410103056178741071e-02 5.456766616739637539e+04
2.431222856366931084e-02 5.411697842014741036e+04
2.452527729952230437e-02 5.366754962853396864e+04
2.474019298737967568e-02 5.321961420760306646e+04
2.495699198739387628e-02 5.277339930138894852e+04
2.517569080308173016e-02 5.232912596118651709e+04
2.539630608258092517e-02 5.188702313409336057e+04
2.561885461991718696e-02 5.144732294653124700e+04
2.584335335628274236e-02 5.101024988280642719e+04
2.606981938132603080e-02 5.057602065090863471e+04
2.629826993445246938e-02 5.014484430298284133e+04
2.652872240613695851e-02 4.971692540312225901e+04
2.676119433924753488e-02 4.929247664019566582e+04
2.699570343038087961e-02 4.887170782710018830e+04
2.723226753120951832e-02 4.845482089728299616e+04
2.747090464984061273e-02 4.804201008150411508e+04
2.771163295218685707e-02 4.763346208671821660e+04
2.795447076334942049e-02 4.722935464388535911e+04
2.819943656901275145e-02 4.682985479362056503e+04
2.844654901685196580e-02 4.643512235867683921e+04
2.869582691795218715e-02 4.604531064807149232e+04
2.894728924824061661e-02 4.566056666803417465e+04
2.920095514993110986e-02 4.528103098624014092e+04
2.945684393298116099e-02 4.490683003810836817e+04
2.971497507656207029e-02 4.453807653616581229e+04
2.997536823054157765e-02 4.417487794408634363e+04
3.023804321697977360e-02 4.381733706737369357e+04
3.050302003163806938e-02 4.346555226050957572e+04
3.077031884550123289e-02 4.311961364419199526e+04
3.103996000631291385e-02 4.277957646142696467e+04
3.131196404012470680e-02 4.244547875624337030e+04
3.158635165285843954e-02 4.211735636266365327e+04
3.186314373188263438e-02 4.179524313161762984e+04
3.214236134760231622e-02 4.147917106567761221e+04
3.242402575506305590e-02 4.116915426060929167e+04
3.270815839556906468e-02 4.086515382941929420e+04
3.299478089831518746e-02 4.056712105281333061e+04
3.328391508203361326e-02 4.027500808494957892e+04
3.357558295665461628e-02 3.998876797372785222e+04
3.386980672498209055e-02 3.970835391529469052e+04
3.416660878438381593e-02 3.943368248813607352e+04
3.446601172849620559e-02 3.916461860442603211e+04
3.476803834894445083e-02 3.890102645033888257e+04
3.507271163707731398e-02 3.864277361934802320e+04
3.538005478571737417e-02 3.838973100139056623e+04
3.569009119092666354e-02 3.814176714955386706e+04
3.600284445378745118e-02 3.789868624092236860e+04
3.631833838219895860e-02 3.766025208519054286e+04
3.663659699268977110e-02 3.742623341470487503e+04
3.695764451224587549e-02 3.719640451316125109e+04
3.728150538015512910e-02 3.697054500086794724e+04
3.760820424986745930e-02 3.674842030232511024e+04
3.793776599087163998e-02 3.652970933714782586e+04
3.827021569058858957e-02 3.631407111812546646e+04
3.860557865628085061e-02 3.610117241761024343e+04
3.894388041697935399e-02 3.589068752545302414e+04
3.928514672542653130e-02 3.568229793376394082e+04
3.962940356003681608e-02 3.547567774177136016e+04
3.997667712687430486e-02 3.527047874019094888e+04
4.032699386164747407e-02 3.506635694200886792e+04
4.068038043172164664e-02 3.486297615994374064e+04
4.103686373814910415e-02 3.466000792007915879e+04
4.139647091771667120e-02 3.445712936133064068e+04
4.175922934501172940e-02 3.425398256158050935e+04
4.212516663450580762e-02 3.405017792640222615e+04
4.249431064265684482e-02 3.384533399107580044e+04
4.286668947002979235e-02 3.363907914269895991e+04
4.324233146343548634e-02 3.343105175647557189e+04
4.362126521808880331e-02 3.322088400392599578e+04
4.400351957978517609e-02 3.300810210014224140e+04
4.438912364709654557e-02 3.279219568966247607e+04
4.477810677358655400e-02 3.257267008688872738e+04
4.517049857004485497e-02 3.234904703071407857e+04
4.556632890674122000e-02 3.212086531095865212e+04
4.596562791569960144e-02 3.188770756735528994e+04
4.636842599299151324e-02 3.164925152409485599e+04
4.677475380105029085e-02 3.140520516633181251e+04
4.718464227100487018e-02 3.115529264373813567e+04
4.759812260503456377e-02 3.089925488692951694e+04
4.801522627874434124e-02 3.063685169265076911e+04
4.843598504356062123e-02 3.036792117133872307e+04
4.886043092914862940e-02 3.009239799242092704e+04
4.928859624585032323e-02 2.981023630617709932e+04
4.972051358714406344e-02 2.952140426871389718e+04
5.015621583212590689e-02 2.922588430811720900e+04
5.059573614801216729e-02 2.892368209354432838e+04
5.103910799266458964e-02 2.861491412831189518e+04
5.148636511713694519e-02 2.829976697644779051e+04
5.193754156824442747e-02 2.797843560053819965e+04
5.239267169115556511e-02 2.765112218360409315e+04
5.285179013200642234e-02 2.731803588450706229e+04
5.331493184053807954e-02 2.697943394718684794e+04
5.378213207275738678e-02 2.663575826679998136e+04
5.425342639362029651e-02 2.628749435952692147e+04
5.472885067973967677e-02 2.593511895576744791e+04
5.520844112211605037e-02 2.557909929331476815e+04
5.569223422889262032e-02 2.521989328875955107e+04
5.618026682813466455e-02 2.485803960645623010e+04
5.667257607063259234e-02 2.449423223006980697e+04
5.716919943273043869e-02 2.412915670330970170e+04
5.767017471917831178e-02 2.376346941884518674e+04
5.817554006601043798e-02 2.339779726072872290e+04
5.868533394344829096e-02 2.303274234373256331e+04
5.919959515882884660e-02 2.266896752105585620e+04
5.971836285955880314e-02 2.230717909084512212e+04
6.024167653609487083e-02 2.194804550194455442e+04
6.076957602494951344e-02 2.159219507692080879e+04
6.130210151172388322e-02 2.124021680130011737e+04
6.183929353416648539e-02 2.089269427591916246e+04
6.238119298525927198e-02 2.055032068940530007e+04
6.292784111633067945e-02 2.021378340317439870e+04
6.347927954019548513e-02 1.988372106734559929e+04
6.403555023432291882e-02 1.956072585383019759e+04
6.459669554403180136e-02 1.924534587328915950e+04
6.516275818571411194e-02 1.893808718889160446e+04
6.573378125008699779e-02 1.863938891671361489e+04
6.630980820547247023e-02 1.834961540398338911e+04
6.689088290110695167e-02 1.806909885286742792e+04
6.747704957047871710e-02 1.779814527297172754e+04
6.806835283469535314e-02 1.753703709047338998e+04
6.866483770588062419e-02 1.728603570852412668e+04
6.926654959060060679e-02 1.704532103743484549e+04
6.987353429332038290e-02 1.681488394499994683e+04
7.048583801989105613e-02 1.659468387490131863e+04
7.110350738106656354e-02 1.638468229357471137e+04
7.172658939605250361e-02 1.618484365039524710e+04
7.235513149608488459e-02 1.599513560301772486e+04
7.298918152804086124e-02 1.581537675660453351e+04
7.362878775808144594e-02 1.564505716412320544e+04
7.427399887532501466e-02 1.548364747113070734e+04
7.492486399555428611e-02 1.533064460540520849e+04
7.558143266495480350e-02 1.518556971560527927e+04
7.624375486388672296e-02 1.504795133318234184e+04
7.691188101068964500e-02 1.491709106971221263e+04
7.758586196552029468e-02 1.479211449791355699e+04
7.826574903422438279e-02 1.467217282928396889e+04
7.895159397224237041e-02 1.455644634846011104e+04
7.964344898854879007e-02 1.444414164347960832e+04
8.034136674962719105e-02 1.433442055668593639e+04
8.104540038347872455e-02 1.422632010816526054e+04
8.175560348366674168e-02 1.411888632582209539e+04
8.247203011339668266e-02 1.401119368774226677e+04
8.319473480963104906e-02 1.390234498888957205e+04
8.392377258724156852e-02 1.379148116472727816e+04
8.465919894319660910e-02 1.367780146697213058e+04
8.540106986078603579e-02 1.356054064924870909e+04
8.614944181388300981e-02 1.343896511913198628e+04
8.690437177124261947e-02 1.331237552379388217e+04
8.766591720083878603e-02 1.318019535627868208e+04
8.843413607423902811e-02 1.304208497880899085e+04
8.920908687101709866e-02 1.289776303562987232e+04
8.999082858320513190e-02 1.274697840964420539e+04
9.077942071978387095e-02 1.258951971084171601e+04
9.157492331121293294e-02 1.242540455786523489e+04
9.237739691400075059e-02 1.225487910769829250e+04
9.318690261531377417e-02 1.207821192459167287e+04
9.400350203762736223e-02 1.189568300920743786e+04
9.482725734341605761e-02 1.170766077805041277e+04
9.565823123988595467e-02 1.151486287094481850e+04
9.649648698374832523e-02 1.131808213474717559e+04
9.734208838603444769e-02 1.111808224576281827e+04
9.819509981695383194e-02 1.091561037392425533e+04
9.905558621079361969e-02 1.071158621911363298e+04
9.992361307086189415e-02 1.050702840835755342e+04
1.007992464744743577e-01 1.030289478975502061e+04
1.016825530779838366e-01 1.010008287642974392e+04
1.025736001218545551e-01 9.899570577365460849e+03
1.034724554357810966e-01 9.702433032557568367e+03
1.043791874438512179e-01 9.509669523840460897e+03
1.052938651697551964e-01 9.322195938483095233e+03
1.062165582420395438e-01 9.140818460491176666e+03
1.071473368994076969e-01 8.966231661198353322e+03
1.080862719960670321e-01 8.799067658566171303e+03
1.090334350071220232e-01 8.639898244795145729e+03
1.099888980340157918e-01 8.489067863178755942e+03
1.109527338100181337e-01 8.346708487287780372e+03
1.119250157057624928e-01 8.212934366050003518e+03
1.129058177348315900e-01 8.087821291248886155e+03
1.138952145593908755e-01 7.971119870497806005e+03
1.148932814958724402e-01 7.862417409347888679e+03
1.159000945207086519e-01 7.761328362796691181e+03
1.169157302761150846e-01 7.667382284211782462e+03
1.179402660759256011e-01 7.579765485677340621e+03
1.189737799114770483e-01 7.497630006324834540e+03
1.200163504575464668e-01 7.420162983134471688e+03
1.210680570783405352e-01 7.346454350802338013e+03
1.221289798335362248e-01 7.275504865281016464e+03
1.231991994843761318e-01 7.206349220997267366e+03
1.242787974998155187e-01 7.138038350959863237e+03
1.253678560627244365e-01 7.069596385694187120e+03
1.264664580761439561e-01 7.000072757579625431e+03
1.275746871695964402e-01 6.928571480933188468e+03
1.286926277054524781e-01 6.854375237485384787e+03
1.298203647853521658e-01 6.776874512686938033e+03
1.309579842566835906e-01 6.695503169823651660e+03
1.321055727191182971e-01 6.609872445703605990e+03
1.332632175312027378e-01 6.519762628898749426e+03
1.344310068170088135e-01 6.424994696053955522e+03
1.356090294728424794e-01 6.325645188528636027e+03
1.367973751740098887e-01 6.222130496615873199e+03
1.379961343816450969e-01 6.114890581803778332e+03
1.392053983495950276e-01 6.004496570752818116e+03
1.404252591313667475e-01 5.891736750239061621e+03
1.416558095871350287e-01 5.777384491534006884e+03
1.428971433908105271e-01 5.662310532888366652e+03
1.441493550371714394e-01 5.547562203918853811e+03
1.454125398490559995e-01 5.434129645959651498e+03
1.466867939846190905e-01 5.322854310704481577e+03
1.479722144446525556e-01 5.214416275069574112e+03
1.492688990799685700e-01 5.109438292000672845e+03
1.505769465988485711e-01 5.008609398220220100e+03
1.518964565745579420e-01 4.912663245865632234e+03
1.532275294529246989e-01 4.822216045935958391e+03
1.545702665599871795e-01 4.737361455205495076e+03
1.559247701097059569e-01 4.657966225488121381e+03
1.572911432117456154e-01 4.583859058808459849e+03
1.586694898793238051e-01 4.514733866126668545e+03
1.600599150371285750e-01 4.450271534401750614e+03
1.614625245293063172e-01 4.389993589605594934e+03
1.628774251275182383e-01 4.333238336339691159e+03
1.643047245390686362e-01 4.279341370463352177e+03
1.657445314151043125e-01 4.227506459254575020e+03
1.671969553588846802e-01 4.176912056371059407e+03
1.686621069341255053e-01 4.126764282002121035e+03
1.701400976734160075e-01 4.076289999659658406e+03
1.716310400867079033e-01 4.024775182604093061e+03
1.731350476698814145e-01 3.971682286425093480e+03
1.746522349133839136e-01 3.916563947949637623e+03
1.761827173109455635e-01 3.859155812745524145e+03
1.777266113683719784e-01 3.799395187378389892e+03
1.792840346124116302e-01 3.737312672378599018e+03
1.808551055997038581e-01 3.673169248464869725e+03
1.824399439258025668e-01 3.607285614591100966e+03
1.840386702342809710e-01 3.540150165160372126e+03
1.856514062259156939e-01 3.472319461413872432e+03
1.872782746679498844e-01 3.404375876990447978e+03
1.889193994034403801e-01 3.336925434404494808e+03
1.905749053606833887e-01 3.270559330826280984e+03
1.922449185627255197e-01 3.205876195605017983e+03
1.939295661369570822e-01 3.143404285750748841e+03
1.956289763247890112e-01 3.083532257625168768e+03
1.973432784914150584e-01 3.026568674416569593e+03
1.990726031356604142e-01 2.972649468345182413e+03
2.008170818999144569e-01 2.921823597427780896e+03
2.025768475801529855e-01 2.873932221596433919e+03
2.043520341360466341e-01 2.828719372042044597e+03
2.061427767011574930e-01 2.785796632322450478e+03
2.079492115932278784e-01 2.744711215907238511e+03
2.097714763245561720e-01 2.704963986880511584e+03
2.116097096124638643e-01 2.666043004366496916e+03
2.134640513898572733e-01 2.627485670590731388e+03
2.153346428158785797e-01 2.588873462151230797e+03
2.172216262866505376e-01 2.549860361394305528e+03
2.191251454461179971e-01 2.510162863201370328e+03
2.210453451969818239e-01 2.469626111995817155e+03
2.229823717117281612e-01 2.428180689540998173e+03
2.249363724437577206e-01 2.385892834938795204e+03
2.269074961386092215e-01 2.342909070877135036e+03
2.288958928452830832e-01 2.299506177130882861e+03
2.309017139276620667e-01 2.256017957135403776e+03
2.329251120760359728e-01 2.212851375232150986e+03
2.349662413187239840e-01 2.170384179816407141e+03
2.370252570337984532e-01 2.128946055825561416e+03
2.391023159609153292e-01 2.088801061484067759e+03
2.411975762132445578e-01 2.050147263777704211e+03
2.433111972895049824e-01 2.013066623924003579e+03
2.454433400861082970e-01 1.977568806107895170e+03
2.475941669094060549e-01 1.943585703329979651e+03
2.497638414880435365e-01 1.910984794713561996e+03
2.519525289854260275e-01 1.879568046390986183e+03
2.541603960122898465e-01 1.849087090478345772e+03
2.563876106393864207e-01 1.819267063165401169e+03
2.586343424102743316e-01 1.789815795938812016e+03
2.609007623542284882e-01 1.760484219079705554e+03
2.631870429992582139e-01 1.731083956026979195e+03
2.654933583852389645e-01 1.701507494948619069e+03
2.678198840771641720e-01 1.671727140416074235e+03
2.701667971785079447e-01 1.641806230685103174e+03
2.725342763447057282e-01 1.611854954116260842e+03
2.749225017967570350e-01 1.582011014352947768e+03
2.773316553349428060e-01 1.552431093678163734e+03
2.797619203526636733e-01 1.523280530540728250e+03
2.822134818504031806e-01 1.494722308053409506e+03
2.846865264498085746e-01 1.466903279343419854e+03
2.871812424078985515e-01 1.439930158017412623e+03
2.896978196313915732e-01 1.413853587344034622e+03
2.922364496911656895e-01 1.388648700793240778e+03
2.947973258368396521e-01 1.364225298144911676e+03
2.973806430114827037e-01 1.340457939039859866e+03
2.999865978664570387e-01 1.317211032141511168e+03
3.026153887763862183e-01 1.294361930278631689e+03
3.052672158542545366e-01 1.271804945629316762e+03
3.079422809666437222e-01 1.249452999958164355e+03
3.106407877490978686e-01 1.227240176097207268e+03
3.133629416216232588e-01 1.205127079515170408e+03
3.161089498043292423e-01 1.183116503934207913e+03
3.188790213332001189e-01 1.161259588046993940e+03
3.216733670760088537e-01 1.139645779763543032e+03
3.244921997483670162e-01 1.118372851790685672e+03
3.273357339299206581e-01 1.097520110397921826e+03
3.302041860806832485e-01 1.077135813597884407e+03
3.330977745575113835e-01 1.057238867809319572e+03
3.360167196307311532e-01 1.037830954211110338e+03
3.389612435009031755e-01 1.018904924239928846e+03
3.419315703157362885e-01 1.000434876386100427e+03
3.449279261871533997e-01 9.823680873647499538e+02
3.479505392085030513e-01 9.646310401462011441e+02
3.509996394719196999e-01 9.471492589569836582e+02
3.540754590858437023e-01 9.298749811638280107e+02
3.571782321926877390e-01 9.127964428053189749e+02
3.603081949866612232e-01 8.959244528170067952e+02
3.634655857317484196e-01 8.792731953272092369e+02
3.666506447798490997e-01 8.628543750163414643e+02
3.698636145890737414e-01 8.466868849194055429e+02
3.731047397421978773e-01 8.308039469882223784e+02
3.763742669652845874e-01 8.152434463441093158e+02
3.796724451464647543e-01 8.000269415919314042e+02
3.829995253548802436e-01 7.851444989449989862e+02
3.863557608598013338e-01 7.705659642311779862e+02
3.897414071499031296e-01 7.562627487925512924e+02
3.931567219527156154e-01 7.422187616003686799e+02
3.966019652542404073e-01 7.284218743488912651e+02
4.000773993187458633e-01 7.148495788414192020e+02
4.035832887087292264e-01 7.014757566486817950e+02
4.071199003050542942e-01 6.882898413844048946e+02
4.106875033272712749e-01 6.753069100867365933e+02
4.142863693541090075e-01 6.625506414114374820e+02
4.179167723441460369e-01 6.500300652149918506e+02
4.215789886566697064e-01 6.377388573928296864e+02
4.252732970727114425e-01 6.256752358209876093e+02
4.289999788162664474e-01 6.138500497542114545e+02
4.327593175757060151e-01 6.022552469424712172e+02
4.365515995253695380e-01 5.908796548596714047e+02
4.403771133473510235e-01 5.797126911256974608e+02
4.442361502534713513e-01 5.687444444304341005e+02
4.481290040074509817e-01 5.579684639873294145e+02
4.520559709472701249e-01 5.473817864555995811e+02
4.560173500077245867e-01 5.369816481731223803e+02
4.600134427431863404e-01 5.267653081554086612e+02
4.640445533505569431e-01 5.167300484814369383e+02
4.681109886924214591e-01 5.068731746561177829e+02
4.722130583204124377e-01 4.971920159500118643e+02
4.763510744987723422e-01 4.876839257167887354e+02
4.805253522281213163e-01 4.783462816890166209e+02
4.847362092694409985e-01 4.691764862528150957e+02
4.889839661682609528e-01 4.601719667018942914e+02
4.932689462790607049e-01 4.513301754715560037e+02
4.975914757898813878e-01 4.426485903531267354e+02
5.019518837471619310e-01 4.341247146894303910e+02
5.063505020807841372e-01 4.257560775517403613e+02
5.107876656293381945e-01 4.175402338987785242e+02
5.152637121656163943e-01 4.094747647182683750e+02
5.197789824223241206e-01 4.015572771515123236e+02
5.243338201180135494e-01 3.937854046015311837e+02
5.289285719832551580e-01 3.861568068252415173e+02
5.335635877870289479e-01 3.786691700101577567e+02
5.382392203633478145e-01 3.713202068360833437e+02
5.429558256381211701e-01 3.641076565223121975e+02
5.477137626562463835e-01 3.570292804793957657e+02
5.525133936089424713e-01 3.500827789278976638e+02
5.573550838613169356e-01 3.432658049178970714e+02
5.622392019801850660e-01 3.365760481946747973e+02
5.671661197621230555e-01 3.300112378592854725e+02
5.721362122617682511e-01 3.235691417286421370e+02
5.771498578203750895e-01 3.172475657055086344e+02
5.822074380946129502e-01 3.110443531583111394e+02
5.873093380856161394e-01 3.049573843105848141e+02
5.924559461682977757e-01 2.989845756399233778e+02
5.976476541209110316e-01 2.931238792863019853e+02
6.028848571548699464e-01 2.873732824696098191e+02
6.081679539448400229e-01 2.817308069162658626e+02
6.134973466590832869e-01 2.761945082948026311e+02
6.188734409900740197e-01 2.707624756602409093e+02
6.242966461853780569e-01 2.654328309071614171e+02
6.297673750788121971e-01 2.602037282313266928e+02
6.352860441218676213e-01 2.550733535997246975e+02
6.408530734154079811e-01 2.500399242289167887e+02
6.464688867416559237e-01 2.451016880715567936e+02
6.521339115964497335e-01 2.402569233109611559e+02
6.578485792217818595e-01 2.355039378636100196e+02
6.636133246386338724e-01 2.308410688894609848e+02
6.694285866800885332e-01 2.262666823099605153e+02
6.752948080247312967e-01 2.217791723336256382e+02
6.812124352303562391e-01 2.173769642332712237e+02
6.871819187679544250e-01 2.130585271185838110e+02
6.932037130560080307e-01 2.088223608073930961e+02
6.992782764950775665e-01 2.046669896544628386e+02
7.054060715027036244e-01 2.005909622029245725e+02
7.115875645486050560e-01 1.965928508425792245e+02
7.178232261901839051e-01 1.926712514717381737e+02
7.241135311083537474e-01 1.888247831625706965e+02
7.304589581436700119e-01 1.850520878299850551e+02
7.368599903327773815e-01 1.813518299040194961e+02
7.433171149451881510e-01 1.777226960057332690e+02
7.498308235203698935e-01 1.741633946265990573e+02
7.564016119051647502e-01 1.706726558113836916e+02
7.630299802915312402e-01 1.672492308445038134e+02
7.697164332546277965e-01 1.638918919398540197e+02
7.764614797912186006e-01 1.605994319340777565e+02
7.832656333584174790e-01 1.573706639832996359e+02
7.901294119127805216e-01 1.542044212632737015e+02
7.970533379497317661e-01 1.510995566729520760e+02
8.040379385433330528e-01 1.480549425414584448e+02
8.110837453864154778e-01 1.450694703384462798e+02
8.181912948310486877e-01 1.421420503878278510e+02
8.253611279293661118e-01 1.392716115848613470e+02
8.325937904747610085e-01 1.364571011165735115e+02
8.398898330434274584e-01 1.336974841603491768e+02
8.472498110362753909e-01 1.309917416182257739e+02
8.546742847212045469e-01 1.283388686120696320e+02
8.621638192757615782e-01 1.257378775724020414e+02
8.697189848301603021e-01 1.231877983133120011e+02
8.773403565106767665e-01 1.206876777506490583e+02
8.850285144834389994e-01 1.182365796242483498e+02
8.927840439985871290e-01 1.158335842241434221e+02
9.006075354348197504e-01 1.134777881207186709e+02
9.084995843443454122e-01 1.111683038987513328e+02
9.164607914982130232e-01 1.089042598953126202e+02
9.244917629320401620e-01 1.066847999414641919e+02
9.325931099921561662e-01 1.045090831077190217e+02
9.407654493821339114e-01 1.023762834532189174e+02
9.490094032097382559e-01 1.002855897785799328e+02
9.573255990342768307e-01 9.823620538237007338e+01
9.657146699143819291e-01 9.622734782116781105e+01
9.741772544561962954e-01 9.425824867316642042e+01
9.827139968619810206e-01 9.232815330527313336e+01
9.913255469791646401e-01 9.043632064366401835e+01
1.000012560349806900e+00 8.858202294775917096e+01
1.008775698260495401e+00 8.676454558756216784e+01
1.017615627792695987e+00 8.498318682433485094e+01
1.026533021873528240e+00 8.323725759455979301e+01
1.035528559326984732e+00 8.152608129715302709e+01
1.044602924925617460e+00 7.984899361620215075e+01
1.053756809442657483e+00 7.820534263409540188e+01
1.062990909704603304e+00 7.659448846253521026e+01
1.072305928644256445e+00 7.501580281135811390e+01
1.081702575354245299e+00 7.346866879024028663e+01
1.091181565140995957e+00 7.195248071690058111e+01
1.100743619579178878e+00 7.046664392818304634e+01
1.110389466566649608e+00 6.901057459398678873e+01
1.120119840379852016e+00 6.758369953400209340e+01
1.129935481729710034e+00 6.618545603722300541e+01
1.139837137818023649e+00 6.481529168420097164e+01
1.149825562394342970e+00 6.347266417200271604e+01
1.159901515813339890e+00 6.215704114183871098e+01
1.170065765092702659e+00 6.086790000933405764e+01
1.180319083971513416e+00 5.960472779739751559e+01
1.190662252969154844e+00 5.836702097166742931e+01
1.201096059444715314e+00 5.715428527849076801e+01
1.211621297656940266e+00 5.596603558541099943e+01
1.222238768824685406e+00 5.480179572412741607e+01
1.232949281187904589e+00 5.366109833589451483e+01
1.243753650069185923e+00 5.254348471933141695e+01
1.254652697935813022e+00 5.144850468060772641e+01
1.265647254462365812e+00 5.037571638597469814e+01
1.276738156593893336e+00 4.932468621661245578e+01
1.287926248609617019e+00 4.829498862573885987e+01
1.299212382187193038e+00 4.728620589257361218e+01
1.310597416467560672e+00 4.629792775409662653e+01
1.322082218120331554e+00 4.532975157118176668e+01
1.333667661409771110e+00 4.438128226864031944e+01
1.345354628261338448e+00 4.345213220119968156e+01
1.357144008328838192e+00 4.254192102167012024e+01
1.369036699062135209e+00 4.165027555127085890e+01
1.381033605775465078e+00 4.077682965207939958e+01
1.393135641716366502e+00 3.992122410158034285e+01
1.405343728135189041e+00 3.908310646927557741e+01
1.417658794355219465e+00 3.826213099533121209e+01
1.430081777843436264e+00 3.745795847122846567e+01
1.442613624281866125e+00 3.667025612239172006e+01
1.455255287639574568e+00 3.589869749275997179e+01
1.468007730245278974e+00 3.514296233127988955e+01
1.480871922860616197e+00 3.440273648028544073e+01
1.493848844754034344e+00 3.367771176573977243e+01
1.506939483775331601e+00 3.296758588931054845e+01
1.520144836430867841e+00 3.227206232225154281e+01
1.533465907959417063e+00 3.159085020106367736e+01
1.546903712408680187e+00 3.092366422490806599e+01
1.560459272712494405e+00 3.027022455474488183e+01
1.574133620768694675e+00 2.963025671417411644e+01
1.587927797517656447e+00 2.900349149194735077e+01
1.601842853021555158e+00 2.838966484458116568e+01
1.615879846544284959e+00 2.778851775793107848e+01
1.630039846632103107e+00 2.719979615250213811e+01
1.644323931194959343e+00 2.662325084562946031e+01
1.658733187588565361e+00 2.605863746462197028e+01
1.673268712697163041e+00 2.550571635837706097e+01
1.687931613017011223e+00 2.496425251051782723e+01
1.702723004740636092e+00 2.443401545402412722e+01
1.717644013841789441e+00 2.391477918733881225e+01
1.732695776161153889e+00 2.340632209192261115e+01
1.747879437492823707e+00 2.290842685123687161e+01
1.763196153671520383e+00 2.242088037112975840e+01
1.778647090660566032e+00 2.194347370160624067e+01
1.794233424640662378e+00 2.147600195995708106e+01
1.809956342099412252e+00 2.101826425522703801e+01
1.825817039921644902e+00 2.057006361400079442e+01
1.841816725480516226e+00 2.013120690748502994e+01
1.857956616729434796e+00 1.970150477986583226e+01
1.874237942294769921e+00 1.928077157792260010e+01
1.890661941569368176e+00 1.886882528187451769e+01
1.907229864806919029e+00 1.846548743744537546e+01
1.923942973217121377e+00 1.807058308912175804e+01
1.940802539061678766e+00 1.768394071458734373e+01
1.957809845751169231e+00 1.730539216031645466e+01
1.974966187942734930e+00 1.693477257830396354e+01
1.992272871638622878e+00 1.657192035886219017e+01
2.009731214285624734e+00 1.621667704173759716e+01
2.027342544875352370e+00 1.586888727884123185e+01
2.045108204045411160e+00 1.552839878975722065e+01
2.063029544181440578e+00 1.519506230371277233e+01
2.081107929520083388e+00 1.486873150254332110e+01
2.099344736252827470e+00 1.454926296468171110e+01
2.117741352630751805e+00 1.423651611015199059e+01
2.136299179070231702e+00 1.393035314655451273e+01
2.155019628259528641e+00 1.363063901602273198e+01
2.173904125266318932e+00 1.333724134313704113e+01
2.192954107646199802e+00 1.305003038377910229e+01
2.212171025552107206e+00 1.276887897491111978e+01
2.231556341844695979e+00 1.249366248526432166e+01
2.251111532203720955e+00 1.222425876692125790e+01
2.270838085240357351e+00 1.196054810777671484e+01
2.290737502610523002e+00 1.170241318486351467e+01
2.310811299129179375e+00 1.144973901852638321e+01
2.331061002885662869e+00 1.120241292743171613e+01
2.351488155360001997e+00 1.096032448439748919e+01
2.372094311540241751e+00 1.072336547303041066e+01
2.392881040040847562e+00 1.049142984515587607e+01
2.413849923222093796e+00 1.026441367902697444e+01
2.435002557310510074e+00 1.004221513830033174e+01
2.456340552520417386e+00 9.824734431668517232e+00
2.477865533176488722e+00 9.611873756454546225e+00
2.499579137837386167e+00 9.403537242529356632e+00
2.521483019420520222e+00 9.199630948437038214e+00
2.543578845327858939e+00 9.000062828695600814e+00
2.565868297572864165e+00 8.804742696849471528e+00
2.588353072908515351e+00 8.613582189210500673e+00
2.611034882956498659e+00 8.426494729276699402e+00
2.633915454337488971e+00 8.243395492814775238e+00
2.656996528802573199e+00 8.064201373596782574e+00
2.680279863365864657e+00 7.888830949777577928e+00
2.703767230438239189e+00 7.717204450903213164e+00
2.727460417962246808e+00 7.549243725537819749e+00
2.751361229548239695e+00 7.384872209498825057e+00
2.775471484611654827e+00 7.224014894689411825e+00
2.799793018511521403e+00 7.066598298517844157e+00
2.824327682690156216e+00 6.912550433892365120e+00
2.849077344814132218e+00 6.761800779782822346e+00
2.874043888916434586e+00 6.614280252337347399e+00
2.899229215539868232e+00 6.469921176545420316e+00
2.924635241881762937e+00 6.328657258436772182e+00
2.950263901939902844e+00 6.190423557806711941e+00
2.976117146659730484e+00 6.055156461458745198e+00
3.002196944082896390e+00 5.922793656954421948e+00
3.028505279497052172e+00 5.793274106862378758e+00
3.055044155586966070e+00 5.666538023188206985e+00
3.081815592587004549e+00 5.542526838367557218e+00
3.108821628434897288e+00 5.421183182455708405e+00
3.136064318926886418e+00 5.302450862934639630e+00
3.163545737874197350e+00 5.186274841381077749e+00
3.191267977260936028e+00 5.072601210486017642e+00
3.219233147403323780e+00 4.961377171514604001e+00
3.247443377110326157e+00 4.852551012198581759e+00
3.275900813845736170e+00 4.746072085052820633e+00
3.304607623891632873e+00 4.641890786108605838e+00
3.333565992513268128e+00 4.539958534056097506e+00
3.362778124125451296e+00 4.440227749787998057e+00
3.392246242460340788e+00 4.342651836337704907e+00
3.421972590736702902e+00 4.247185159204045490e+00
3.451959431830711189e+00 4.153783027056114463e+00
3.482209048448179800e+00 4.062401672810609377e+00
3.512723743298342693e+00 3.972998235075330342e+00
3.543505839269122770e+00 3.885530739951685852e+00
3.574557679603992177e+00 3.799958083189895586e+00
3.605881628080328749e+00 3.716240012689937977e+00
3.637480069189340970e+00 3.634337111342450299e+00
3.669355408317618306e+00 3.554210780202615272e+00
3.701510071930220303e+00 3.475823221991380052e+00
3.733946507755367517e+00 3.399137424917644701e+00
3.766667184970809323e+00 3.324117146815533275e+00
3.799674594391771798e+00 3.250726897431408080e+00
3.832971248660541175e+00 3.178931916584846196e+00
3.866559682437780587e+00 3.108698166622410497e+00
3.900442452595444642e+00 3.039992320221731603e+00
3.934622138411440151e+00 2.972781745956585286e+00
3.969101341765932212e+00 2.907034494145701142e+00
4.003882687339459068e+00 2.842719282980369133e+00
4.038968822812704751e+00 2.779805484925605086e+00
4.074362419068034313e+00 2.718263113389179253e+00
4.110066170392848051e+00 2.658062809654095915e+00
4.146082794684663675e+00 2.599175830069015980e+00
4.182415033657987280e+00 2.541574033491978746e+00
4.219065653053069020e+00 2.485229868982557377e+00
4.256037442846417385e+00 2.430116363737629737e+00
4.293333217463159102e+00 2.376207111266276595e+00
4.330955815991329949e+00 2.323476259799098109e+00
4.368908102397967674e+00 2.271898500927608922e+00
4.407192965747137592e+00 2.221449058469150639e+00
4.445813320419832237e+00 2.172103677553221424e+00
4.484772106335867647e+00 2.123838613924782237e+00
4.524072289177661688e+00 2.076630623460514524e+00
4.563716860615964599e+00 2.030456951893942819e+00
4.603708838537645676e+00 1.985295324745220302e+00
4.644051267275397521e+00 1.941123937452028603e+00
4.684747217839465350e+00 1.897921445670015972e+00
4.725799788151463510e+00 1.855666954535501567e+00
4.767212103280172641e+00 1.814340008984966612e+00
4.808987315679448038e+00 1.773920586464523774e+00
4.851128605428158380e+00 1.734389088139705715e+00
4.893639180472318273e+00 1.695726330137945714e+00
4.936522276869262704e+00 1.657913534967004443e+00
4.979781159033962012e+00 1.620932323105975348e+00
5.023419119987571513e+00 1.584764704765388776e+00
5.067439481608080776e+00 1.549393071813274902e+00
5.111845594883162924e+00 1.514800189863868329e+00
5.156640840165319872e+00 1.480969190525783352e+00
5.201828627429171625e+00 1.447883563806623197e+00
5.247412396531015766e+00 1.415527150670887302e+00
5.293395617470734393e+00 1.383884135748242095e+00
5.339781790655902860e+00 1.352939040189183206e+00
5.386574447168278823e+00 1.322676714665232733e+00
5.433777149032557929e+00 1.293082332510822052e+00
5.481393489487586201e+00 1.264141383004098174e+00
5.529427093259858594e+00 1.235839664783926040e+00
5.577881616839428069e+00 1.208163279400414680e+00
5.626760748758290021e+00 1.181098624996343327e+00
5.676068209871159453e+00 1.154632390116937302e+00
5.725807753638665787e+00 1.128751547645414410e+00
5.775983166413155345e+00 1.103443348861890660e+00
5.826598267726881275e+00 1.078695317357390770e+00
5.877656910582736316e+00 1.054495241353731405e+00
5.929162981747613692e+00 1.030831169444128337e+00
5.981120402048242468e+00 1.007691406346751029e+00
6.033533126669679447e+00 9.850645075372089776e-01
6.086405145456342147e+00 9.629392739810609392e-01
6.139740483215801348e+00 9.413047469743355267e-01
6.193543200025127149e+00 9.201502030899395557e-01
6.247817391539922660e+00 8.994651492277569993e-01
6.302567189306174100e+00 8.792393177665059900e-01
6.357796761074714809e+00 8.594626618151743891e-01
6.413510311118463925e+00 8.401253505621741891e-01
6.469712080552534772e+00 8.212177647201691633e-01
6.526406347657048634e+00 8.027304920646970432e-01
6.583597428202782709e+00 7.846543230647285982e-01
6.641289675779766810e+00 7.669802466032653587e-01
6.699487482128652083e+00 7.496994457862373729e-01
6.758195277475042673e+00 7.328032938378775674e-01
6.817417530866700659e+00 7.162833500808477583e-01
6.877158750513815200e+00 7.001313559994678526e-01
6.937423484132143159e+00 6.843392313842527885e-01
6.998216319289166876e+00 6.688990705562886108e-01
7.059541883753387204e+00 6.538031386696694369e-01
7.121404845846568854e+00 6.390438680905859981e-01
7.183809914799073049e+00 6.246138548511569466e-01
7.246761841108412483e+00 6.105058550569760767e-01
7.310265416900848301e+00 5.967127813006143366e-01
7.374325476296132109e+00 5.832276996253802359e-01
7.438946895775586654e+00 5.700438263189329113e-01
7.504134594553256932e+00 5.571545247180214044e-01
7.569893534950414171e+00 5.445533020797144186e-01
7.636228722773251043e+00 5.322338065177729671e-01
7.703145207694015006e+00 5.201898240028259846e-01
7.770648083635376402e+00 5.084152754250627071e-01
7.838742489158147642e+00 4.969042137181840513e-01
7.907433607852534685e+00 4.856508210433440054e-01
7.976726668732689873e+00 4.746494060319053632e-01
8.046626946634720667e+00 4.638944010857267708e-01
8.117139762618307941e+00 4.533803597339197688e-01
8.188270484371733104e+00 4.431019540448385974e-01
8.260024526620432184e+00 4.330539720922170210e-01
8.332407351539275808e+00 4.232313154743270744e-01
8.405424469168309543e+00 4.136289968851135646e-01
8.479081437832231671e+00 4.042421377361859469e-01
8.553383864563441463e+00 3.950659658286873044e-01
8.628337405528977655e+00 3.860958130739606253e-01
8.703947766461013202e+00 3.773271132620854007e-01
8.780220703091176304e+00 3.687553998772252206e-01
8.857162021588770529e+00 3.603763039588929740e-01
8.934777579002730619e+00 3.521855519450706740e-01
9.013073283707420558e+00 3.441789623816549626e-01
9.092055095852501267e+00 3.363524441205251736e-01
9.171729027816580171e+00 3.287019956352596473e-01
9.252101144664914401e+00 3.212237031373979534e-01
9.333177564611057520e+00 3.139137386812993480e-01
9.414964459482680681e+00 3.067683583092417066e-01
9.497468055191351510e+00 2.997839002359589111e-01
9.580694632206430583e+00 2.929567830717486610e-01
9.664650526033256028e+00 2.862835040833718314e-01
9.749342127695367566e+00 2.797606374919600070e-01
9.834775884220981368e+00 2.733848328071374900e-01
9.920958299133843639e+00 2.671528131966157127e-01
1.000789593294826929e+01 2.610613738905160353e-01
1.009559540366848474e+01 2.551073806196958449e-01
1.018406338729252347e+01 2.492877680873668567e-01
1.027330661832036363e+01 2.435995384732999869e-01
1.036333189026660406e+01 2.380397599699470290e-01
1.045414605617755655e+01 2.326055653498092235e-01
1.054575602915301502e+01 2.272941505633859216e-01
1.063816878287246226e+01 2.221027733670795923e-01
1.073139135212587547e+01 2.170287519804136589e-01
1.082543083334934408e+01 2.120694637719567899e-01
1.092029438516523143e+01 2.072223439733529293e-01
1.101598922892703847e+01 2.024848844208538556e-01
1.111252264926925726e+01 1.978546327873925148e-01
1.120990199466183235e+01 1.933291933125500794e-01
1.130813467796949290e+01 1.889062237610067696e-01
1.140722817701616698e+01 1.845834334108244768e-01
1.150719003515414585e+01 1.803585819419084579e-01
1.160802786183834634e+01 1.762294783484792682e-01
1.170974933320548672e+01 1.721939798744524797e-01
1.181236219265855070e+01 1.682499909712668884e-01
1.191587425145617374e+01 1.643954622776888641e-01
1.202029338930720748e+01 1.606283896211497531e-01
1.212562755497068068e+01 1.569468130401789341e-01
1.223188476686080328e+01 1.533488158274876612e-01
1.233907311365732262e+01 1.498325235932921329e-01
1.244720075492137212e+01 1.463961033484526553e-01
1.255627592171654605e+01 1.430377626070231944e-01
1.266630691723541524e+01 1.397557485078149975e-01
1.277730211743171473e+01 1.365483469545734907e-01
1.288926997165788713e+01 1.334138817744037198e-01
1.300221900330829605e+01 1.303507138940407650e-01
1.311615781046798723e+01 1.273572405336257929e-01
1.323109506656732925e+01 1.244318944175997893e-01
1.334703952104220726e+01 1.215731430023877097e-01
1.346399999999998087e+01 1.187794877204979144e-01
